=================================================================
St | Lay | Sec | Ring |  Eta_min    Eta_max   |    Phi_min    Phi_max (deg)
=================================================================
 1     1     1     -2      -1.229    -0.840       -0.16      0.33
 1     1     1     -1      -0.830    -0.329       -0.16      0.33
 1     1     1      0      -0.284     0.288       -0.16      0.33
 1     1     1      1       0.329     0.830       -0.16      0.33
 1     1     1      2       0.840     1.229       -0.16      0.33
 1     1     2     -2      -1.229    -0.840        0.37      0.85
 1     1     2     -1      -0.830    -0.329        0.37      0.85
 1     1     2      0      -0.288     0.284        0.37      0.85
 1     1     2      1       0.329     0.830        0.37      0.85
 1     1     2      2       0.840     1.229        0.37      0.85
 1     1     3     -2      -1.229    -0.840        0.89      1.37
 1     1     3     -1      -0.830    -0.413        0.89      1.37
 1     1     3      0      -0.288     0.284        0.89      1.37
 1     1     3      1       0.329     0.830        0.89      1.37
 1     1     3      2       0.840     1.229        0.89      1.37
 1     1     4     -2      -1.229    -0.840        1.41      1.90
 1     1     4     -1      -0.830    -0.329        1.41      1.90
 1     1     4      0      -0.284     0.288        1.41      1.90
 1     1     4      1       0.413     0.830        1.41      1.90
 1     1     4      2       0.840     1.229        1.41      1.90
 1     1     5     -2      -1.229    -0.840        1.94      2.42
 1     1     5     -1      -0.830    -0.329        1.94      2.42
 1     1     5      0      -0.284     0.288        1.94      2.42
 1     1     5      1       0.329     0.830        1.94      2.42
 1     1     5      2       0.840     1.229        1.94      2.42
 1     1     6     -2      -1.229    -0.840        2.46      2.95
 1     1     6     -1      -0.830    -0.329        2.46      2.95
 1     1     6      0      -0.288     0.284        2.46      2.95
 1     1     6      1       0.329     0.830        2.46      2.95
 1     1     6      2       0.840     1.229        2.46      2.95
 1     1     7     -2      -1.229    -0.840        2.98     -2.81
 1     1     7     -1      -0.830    -0.329        2.98     -2.81
 1     1     7      0      -0.288     0.284        2.98     -2.81
 1     1     7      1       0.329     0.830        2.98     -2.81
 1     1     7      2       0.840     1.229        2.98     -2.81
 1     1     8     -2      -1.229    -0.840       -2.77     -2.29
 1     1     8     -1      -0.830    -0.329       -2.77     -2.29
 1     1     8      0      -0.284     0.288       -2.77     -2.29
 1     1     8      1       0.329     0.830       -2.77     -2.29
 1     1     8      2       0.840     1.229       -2.77     -2.29
 1     1     9     -2      -1.229    -0.840       -2.25     -1.77
 1     1     9     -1      -0.830    -0.329       -2.25     -1.77
 1     1     9      0      -0.284     0.288       -2.25     -1.77
 1     1     9      1       0.329     0.830       -2.25     -1.77
 1     1     9      2       0.840     1.229       -2.25     -1.77
 1     1    10     -2      -1.229    -0.840       -1.73     -1.24
 1     1    10     -1      -0.830    -0.329       -1.73     -1.24
 1     1    10      0      -0.288     0.284       -1.73     -1.24
 1     1    10      1       0.329     0.830       -1.73     -1.24
 1     1    10      2       0.840     1.229       -1.73     -1.24
 1     1    11     -2      -1.229    -0.840       -1.20     -0.72
 1     1    11     -1      -0.830    -0.329       -1.20     -0.72
 1     1    11      0      -0.288     0.284       -1.20     -0.72
 1     1    11      1       0.329     0.830       -1.20     -0.72
 1     1    11      2       0.840     1.229       -1.20     -0.72
 1     1    12     -2      -1.229    -0.840       -0.68     -0.20
 1     1    12     -1      -0.830    -0.329       -0.68     -0.20
 1     1    12      0      -0.284     0.288       -0.68     -0.20
 1     1    12      1       0.329     0.830       -0.68     -0.20
 1     1    12      2       0.840     1.229       -0.68     -0.20
 1     2     1     -2      -1.162    -0.793       -0.15      0.29
 1     2     1     -1      -0.776    -0.307       -0.15      0.29
 1     2     1      0      -0.262     0.266       -0.15      0.29
 1     2     1      1       0.307     0.776       -0.15      0.29
 1     2     1      2       0.793     1.162       -0.15      0.29
 1     2     2     -2      -1.162    -0.793        0.37      0.82
 1     2     2     -1      -0.776    -0.307        0.37      0.82
 1     2     2      0      -0.266     0.262        0.37      0.82
 1     2     2      1       0.307     0.776        0.37      0.82
 1     2     2      2       0.793     1.162        0.37      0.82
 1     2     3     -2      -1.162    -0.793        0.89      1.34
 1     2     3     -1      -0.776    -0.386        0.89      1.34
 1     2     3      0      -0.266     0.262        0.89      1.34
 1     2     3      1       0.307     0.776        0.89      1.34
 1     2     3      2       0.793     1.162        0.89      1.34
 1     2     4     -2      -1.162    -0.793        1.42      1.87
 1     2     4     -1      -0.776    -0.307        1.42      1.87
 1     2     4      0      -0.262     0.266        1.42      1.87
 1     2     4      1       0.386     0.776        1.42      1.87
 1     2     4      2       0.793     1.162        1.42      1.87
 1     2     5     -2      -1.162    -0.793        1.94      2.39
 1     2     5     -1      -0.776    -0.307        1.94      2.39
 1     2     5      0      -0.262     0.266        1.94      2.39
 1     2     5      1       0.307     0.776        1.94      2.39
 1     2     5      2       0.793     1.162        1.94      2.39
 1     2     6     -2      -1.162    -0.793        2.46      2.91
 1     2     6     -1      -0.776    -0.307        2.46      2.91
 1     2     6      0      -0.266     0.262        2.46      2.91
 1     2     6      1       0.307     0.776        2.46      2.91
 1     2     6      2       0.793     1.162        2.46      2.91
 1     2     7     -2      -1.162    -0.793        2.99     -2.85
 1     2     7     -1      -0.776    -0.307        2.99     -2.85
 1     2     7      0      -0.266     0.262        2.99     -2.85
 1     2     7      1       0.307     0.776        2.99     -2.85
 1     2     7      2       0.793     1.162        2.99     -2.85
 1     2     8     -2      -1.162    -0.793       -2.77     -2.32
 1     2     8     -1      -0.776    -0.307       -2.77     -2.32
 1     2     8      0      -0.262     0.266       -2.77     -2.32
 1     2     8      1       0.307     0.776       -2.77     -2.32
 1     2     8      2       0.793     1.162       -2.77     -2.32
 1     2     9     -2      -1.162    -0.793       -2.25     -1.80
 1     2     9     -1      -0.776    -0.307       -2.25     -1.80
 1     2     9      0      -0.262     0.266       -2.25     -1.80
 1     2     9      1       0.307     0.776       -2.25     -1.80
 1     2     9      2       0.793     1.162       -2.25     -1.80
 1     2    10     -2      -1.162    -0.793       -1.73     -1.28
 1     2    10     -1      -0.776    -0.307       -1.73     -1.28
 1     2    10      0      -0.266     0.262       -1.73     -1.28
 1     2    10      1       0.307     0.776       -1.73     -1.28
 1     2    10      2       0.793     1.162       -1.73     -1.28
 1     2    11     -2      -1.162    -0.793       -1.20     -0.75
 1     2    11     -1      -0.776    -0.307       -1.20     -0.75
 1     2    11      0      -0.266     0.262       -1.20     -0.75
 1     2    11      1       0.307     0.776       -1.20     -0.75
 1     2    11      2       0.793     1.162       -1.20     -0.75
 1     2    12     -2      -1.162    -0.793       -0.68     -0.23
 1     2    12     -1      -0.776    -0.307       -0.68     -0.23
 1     2    12      0      -0.262     0.266       -0.68     -0.23
 1     2    12      1       0.307     0.776       -0.68     -0.23
 1     2    12      2       0.793     1.162       -0.68     -0.23
 2     1     1     -2      -1.074    -0.733       -0.28      0.21
 2     1     1     -1      -0.708    -0.281       -0.28      0.21
 2     1     1      0      -0.236     0.239       -0.28      0.21
 2     1     1      1       0.281     0.708       -0.28      0.21
 2     1     1      2       0.733     1.074       -0.28      0.21
 2     1     2     -2      -1.074    -0.733        0.24      0.73
 2     1     2     -1      -0.708    -0.281        0.24      0.73
 2     1     2      0      -0.239     0.236        0.24      0.73
 2     1     2      1       0.281     0.708        0.24      0.73
 2     1     2      2       0.733     1.074        0.24      0.73
 2     1     3     -2      -1.074    -0.733        0.77      1.26
 2     1     3     -1      -0.708    -0.353        0.77      1.26
 2     1     3      0      -0.239     0.236        0.77      1.26
 2     1     3      1       0.281     0.708        0.77      1.26
 2     1     3      2       0.733     1.074        0.77      1.26
 2     1     4     -2      -1.074    -0.733        1.29      1.78
 2     1     4     -1      -0.708    -0.281        1.29      1.78
 2     1     4      0      -0.236     0.239        1.29      1.78
 2     1     4      1       0.353     0.708        1.29      1.78
 2     1     4      2       0.733     1.074        1.29      1.78
 2     1     5     -2      -1.074    -0.733        1.82      2.31
 2     1     5     -1      -0.708    -0.281        1.82      2.31
 2     1     5      0      -0.236     0.239        1.82      2.31
 2     1     5      1       0.281     0.708        1.82      2.31
 2     1     5      2       0.733     1.074        1.82      2.31
 2     1     6     -2      -1.074    -0.733        2.34      2.83
 2     1     6     -1      -0.708    -0.281        2.34      2.83
 2     1     6      0      -0.239     0.236        2.34      2.83
 2     1     6      1       0.281     0.708        2.34      2.83
 2     1     6      2       0.733     1.074        2.34      2.83
 2     1     7     -2      -1.074    -0.733        2.86     -2.93
 2     1     7     -1      -0.708    -0.281        2.86     -2.93
 2     1     7      0      -0.239     0.236        2.86     -2.93
 2     1     7      1       0.281     0.708        2.86     -2.93
 2     1     7      2       0.733     1.074        2.86     -2.93
 2     1     8     -2      -1.074    -0.733       -2.90     -2.41
 2     1     8     -1      -0.708    -0.281       -2.90     -2.41
 2     1     8      0      -0.236     0.239       -2.90     -2.41
 2     1     8      1       0.281     0.708       -2.90     -2.41
 2     1     8      2       0.733     1.074       -2.90     -2.41
 2     1     9     -2      -1.074    -0.733       -2.37     -1.88
 2     1     9     -1      -0.708    -0.281       -2.37     -1.88
 2     1     9      0      -0.236     0.239       -2.37     -1.88
 2     1     9      1       0.281     0.708       -2.37     -1.88
 2     1     9      2       0.733     1.074       -2.37     -1.88
 2     1    10     -2      -1.074    -0.733       -1.85     -1.36
 2     1    10     -1      -0.708    -0.281       -1.85     -1.36
 2     1    10      0      -0.239     0.236       -1.85     -1.36
 2     1    10      1       0.281     0.708       -1.85     -1.36
 2     1    10      2       0.733     1.074       -1.85     -1.36
 2     1    11     -2      -1.074    -0.733       -1.33     -0.84
 2     1    11     -1      -0.708    -0.281       -1.33     -0.84
 2     1    11      0      -0.239     0.236       -1.33     -0.84
 2     1    11      1       0.281     0.708       -1.33     -0.84
 2     1    11      2       0.733     1.074       -1.33     -0.84
 2     1    12     -2      -1.074    -0.733       -0.80     -0.31
 2     1    12     -1      -0.708    -0.281       -0.80     -0.31
 2     1    12      0      -0.236     0.239       -0.80     -0.31
 2     1    12      1       0.281     0.708       -0.80     -0.31
 2     1    12      2       0.733     1.074       -0.80     -0.31
 2     2     1     -2      -1.023    -0.694       -0.26      0.20
 2     2     1     -1      -0.669    -0.264       -0.26      0.20
 2     2     1      0      -0.221     0.224       -0.26      0.20
 2     2     1      1       0.264     0.669       -0.26      0.20
 2     2     1      2       0.694     1.023       -0.26      0.20
 2     2     2     -2      -1.023    -0.694        0.26      0.72
 2     2     2     -1      -0.669    -0.264        0.26      0.72
 2     2     2      0      -0.224     0.221        0.26      0.72
 2     2     2      1       0.264     0.669        0.26      0.72
 2     2     2      2       0.694     1.023        0.26      0.72
 2     2     3     -2      -1.023    -0.694        0.78      1.24
 2     2     3     -1      -0.669    -0.332        0.78      1.24
 2     2     3      0      -0.224     0.221        0.78      1.24
 2     2     3      1       0.264     0.669        0.78      1.24
 2     2     3      2       0.694     1.023        0.78      1.24
 2     2     4     -2      -1.023    -0.694        1.31      1.77
 2     2     4     -1      -0.669    -0.264        1.31      1.77
 2     2     4      0      -0.221     0.224        1.31      1.77
 2     2     4      1       0.332     0.669        1.31      1.77
 2     2     4      2       0.694     1.023        1.31      1.77
 2     2     5     -2      -1.023    -0.694        1.83      2.29
 2     2     5     -1      -0.669    -0.264        1.83      2.29
 2     2     5      0      -0.221     0.224        1.83      2.29
 2     2     5      1       0.264     0.669        1.83      2.29
 2     2     5      2       0.694     1.023        1.83      2.29
 2     2     6     -2      -1.023    -0.694        2.35      2.81
 2     2     6     -1      -0.669    -0.264        2.35      2.81
 2     2     6      0      -0.224     0.221        2.35      2.81
 2     2     6      1       0.264     0.669        2.35      2.81
 2     2     6      2       0.694     1.023        2.35      2.81
 2     2     7     -2      -1.023    -0.694        2.88     -2.95
 2     2     7     -1      -0.669    -0.264        2.88     -2.95
 2     2     7      0      -0.224     0.221        2.88     -2.95
 2     2     7      1       0.264     0.669        2.88     -2.95
 2     2     7      2       0.694     1.023        2.88     -2.95
 2     2     8     -2      -1.023    -0.694       -2.88     -2.42
 2     2     8     -1      -0.669    -0.264       -2.88     -2.42
 2     2     8      0      -0.221     0.224       -2.88     -2.42
 2     2     8      1       0.264     0.669       -2.88     -2.42
 2     2     8      2       0.694     1.023       -2.88     -2.42
 2     2     9     -2      -1.023    -0.694       -2.36     -1.90
 2     2     9     -1      -0.669    -0.264       -2.36     -1.90
 2     2     9      0      -0.221     0.224       -2.36     -1.90
 2     2     9      1       0.264     0.669       -2.36     -1.90
 2     2     9      2       0.694     1.023       -2.36     -1.90
 2     2    10     -2      -1.023    -0.694       -1.83     -1.37
 2     2    10     -1      -0.669    -0.264       -1.83     -1.37
 2     2    10      0      -0.224     0.221       -1.83     -1.37
 2     2    10      1       0.264     0.669       -1.83     -1.37
 2     2    10      2       0.694     1.023       -1.83     -1.37
 2     2    11     -2      -1.023    -0.694       -1.31     -0.85
 2     2    11     -1      -0.669    -0.264       -1.31     -0.85
 2     2    11      0      -0.224     0.221       -1.31     -0.85
 2     2    11      1       0.264     0.669       -1.31     -0.85
 2     2    11      2       0.694     1.023       -1.31     -0.85
 2     2    12     -2      -1.023    -0.694       -0.79     -0.33
 2     2    12     -1      -0.669    -0.264       -0.79     -0.33
 2     2    12      0      -0.221     0.224       -0.79     -0.33
 2     2    12      1       0.264     0.669       -0.79     -0.33
 2     2    12      2       0.694     1.023       -0.79     -0.33
 3     1     1     -2      -0.941    -0.627       -0.21      0.03
 3     1     1     -1      -0.608    -0.235       -0.21      0.03
 3     1     1      0      -0.199     0.201       -0.21      0.03
 3     1     1      1       0.235     0.608       -0.21      0.03
 3     1     1      2       0.627     0.941       -0.21      0.03
 3     1     2     -2      -0.941    -0.627        0.31      0.55
 3     1     2     -1      -0.608    -0.235        0.31      0.55
 3     1     2      0      -0.201     0.199        0.31      0.55
 3     1     2      1       0.235     0.608        0.31      0.55
 3     1     2      2       0.627     0.941        0.31      0.55
 3     1     3     -2      -0.941    -0.627        0.83      1.08
 3     1     3     -1      -0.608    -0.297        0.83      1.08
 3     1     3      0      -0.201     0.199        0.83      1.08
 3     1     3      1       0.235     0.608        0.83      1.08
 3     1     3      2       0.627     0.941        0.83      1.08
 3     1     4     -2      -0.941    -0.627        1.36      1.60
 3     1     4     -1      -0.608    -0.235        1.36      1.60
 3     1     4      0      -0.199     0.201        1.36      1.60
 3     1     4      1       0.297     0.608        1.36      1.60
 3     1     4      2       0.627     0.941        1.36      1.60
 3     1     5     -2      -0.941    -0.627        1.88      2.12
 3     1     5     -1      -0.608    -0.235        1.88      2.12
 3     1     5      0      -0.199     0.201        1.88      2.12
 3     1     5      1       0.235     0.608        1.88      2.12
 3     1     5      2       0.627     0.941        1.88      2.12
 3     1     6     -2      -0.941    -0.627        2.40      2.65
 3     1     6     -1      -0.608    -0.235        2.40      2.65
 3     1     6      0      -0.201     0.199        2.40      2.65
 3     1     6      1       0.235     0.608        2.40      2.65
 3     1     6      2       0.627     0.941        2.40      2.65
 3     1     7     -2      -0.941    -0.627        2.93     -3.11
 3     1     7     -1      -0.608    -0.235        2.93     -3.11
 3     1     7      0      -0.201     0.199        2.93     -3.11
 3     1     7      1       0.235     0.608        2.93     -3.11
 3     1     7      2       0.627     0.941        2.93     -3.11
 3     1     8     -2      -0.941    -0.627       -2.83     -2.59
 3     1     8     -1      -0.608    -0.235       -2.83     -2.59
 3     1     8      0      -0.199     0.201       -2.83     -2.59
 3     1     8      1       0.235     0.608       -2.83     -2.59
 3     1     8      2       0.627     0.941       -2.83     -2.59
 3     1     9     -2      -0.941    -0.627       -2.31     -2.07
 3     1     9     -1      -0.608    -0.235       -2.31     -2.07
 3     1     9      0      -0.199     0.201       -2.31     -2.07
 3     1     9      1       0.235     0.608       -2.31     -2.07
 3     1     9      2       0.627     0.941       -2.31     -2.07
 3     1    10     -2      -0.941    -0.627       -1.78     -1.54
 3     1    10     -1      -0.608    -0.235       -1.78     -1.54
 3     1    10      0      -0.201     0.199       -1.78     -1.54
 3     1    10      1       0.235     0.608       -1.78     -1.54
 3     1    10      2       0.627     0.941       -1.78     -1.54
 3     1    11     -2      -0.941    -0.627       -1.26     -1.02
 3     1    11     -1      -0.608    -0.235       -1.26     -1.02
 3     1    11      0      -0.201     0.199       -1.26     -1.02
 3     1    11      1       0.235     0.608       -1.26     -1.02
 3     1    11      2       0.627     0.941       -1.26     -1.02
 3     1    12     -2      -0.941    -0.627       -0.74     -0.49
 3     1    12     -1      -0.608    -0.235       -0.74     -0.49
 3     1    12      0      -0.199     0.201       -0.74     -0.49
 3     1    12      1       0.235     0.608       -0.74     -0.49
 3     1    12      2       0.627     0.941       -0.74     -0.49
 3     1     1     -2      -0.941    -0.619        0.03      0.27
 3     1     1     -1      -0.608    -0.232        0.03      0.27
 3     1     1      0      -0.199     0.201        0.03      0.27
 3     1     1      1       0.232     0.608        0.03      0.27
 3     1     1      2       0.619     0.941        0.03      0.27
 3     1     2     -2      -0.941    -0.619        0.56      0.79
 3     1     2     -1      -0.608    -0.232        0.56      0.79
 3     1     2      0      -0.201     0.199        0.56      0.79
 3     1     2      1       0.232     0.608        0.56      0.79
 3     1     2      2       0.619     0.941        0.56      0.79
 3     1     3     -2      -0.941    -0.619        1.08      1.32
 3     1     3     -1      -0.608    -0.292        1.08      1.32
 3     1     3      0      -0.201     0.199        1.08      1.32
 3     1     3      1       0.232     0.608        1.08      1.32
 3     1     3      2       0.619     0.941        1.08      1.32
 3     1     4     -2      -0.941    -0.619        1.60      1.84
 3     1     4     -1      -0.608    -0.232        1.60      1.84
 3     1     4      0      -0.199     0.201        1.60      1.84
 3     1     4      1       0.292     0.608        1.60      1.84
 3     1     4      2       0.619     0.941        1.60      1.84
 3     1     5     -2      -0.941    -0.619        2.13      2.37
 3     1     5     -1      -0.608    -0.232        2.13      2.37
 3     1     5      0      -0.199     0.201        2.13      2.37
 3     1     5      1       0.232     0.608        2.13      2.37
 3     1     5      2       0.619     0.941        2.13      2.37
 3     1     6     -2      -0.941    -0.619        2.65      2.89
 3     1     6     -1      -0.608    -0.232        2.65      2.89
 3     1     6      0      -0.201     0.199        2.65      2.89
 3     1     6      1       0.232     0.608        2.65      2.89
 3     1     6      2       0.619     0.941        2.65      2.89
 3     1     7     -2      -0.941    -0.619       -2.87     -3.11
 3     1     7     -1      -0.608    -0.232       -2.87     -3.11
 3     1     7      0      -0.201     0.199       -2.87     -3.11
 3     1     7      1       0.232     0.608       -2.87     -3.11
 3     1     7      2       0.619     0.941       -2.87     -3.11
 3     1     8     -2      -0.941    -0.619       -2.59     -2.35
 3     1     8     -1      -0.608    -0.232       -2.59     -2.35
 3     1     8      0      -0.199     0.201       -2.59     -2.35
 3     1     8      1       0.232     0.608       -2.59     -2.35
 3     1     8      2       0.619     0.941       -2.59     -2.35
 3     1     9     -2      -0.941    -0.619       -2.06     -1.82
 3     1     9     -1      -0.608    -0.232       -2.06     -1.82
 3     1     9      0      -0.199     0.201       -2.06     -1.82
 3     1     9      1       0.232     0.608       -2.06     -1.82
 3     1     9      2       0.619     0.941       -2.06     -1.82
 3     1    10     -2      -0.941    -0.619       -1.54     -1.30
 3     1    10     -1      -0.608    -0.232       -1.54     -1.30
 3     1    10      0      -0.201     0.199       -1.54     -1.30
 3     1    10      1       0.232     0.608       -1.54     -1.30
 3     1    10      2       0.619     0.941       -1.54     -1.30
 3     1    11     -2      -0.941    -0.619       -1.01     -0.78
 3     1    11     -1      -0.608    -0.232       -1.01     -0.78
 3     1    11      0      -0.201     0.199       -1.01     -0.78
 3     1    11      1       0.232     0.608       -1.01     -0.78
 3     1    11      2       0.619     0.941       -1.01     -0.78
 3     1    12     -2      -0.941    -0.619       -0.49     -0.25
 3     1    12     -1      -0.608    -0.232       -0.49     -0.25
 3     1    12      0      -0.199     0.201       -0.49     -0.25
 3     1    12      1       0.232     0.608       -0.49     -0.25
 3     1    12      2       0.619     0.941       -0.49     -0.25
 4     1     1     -2      -0.825    -0.517       -0.39     -0.13
 4     1     1     -1      -0.523    -0.191       -0.39     -0.13
 4     1     1      0      -0.169     0.171       -0.39     -0.13
 4     1     1      1       0.191     0.523       -0.39     -0.13
 4     1     1      2       0.517     0.825       -0.39     -0.13
 4     1     2     -2      -0.825    -0.517        0.13      0.39
 4     1     2     -1      -0.523    -0.191        0.13      0.39
 4     1     2      0      -0.171     0.169        0.13      0.39
 4     1     2      1       0.191     0.523        0.13      0.39
 4     1     2      2       0.517     0.825        0.13      0.39
 4     1     3     -2      -0.825    -0.517        0.66      0.92
 4     1     3     -1      -0.523    -0.241        0.66      0.92
 4     1     3      0      -0.171     0.169        0.66      0.92
 4     1     3      1       0.191     0.523        0.66      0.92
 4     1     3      2       0.517     0.825        0.66      0.92
 4     1     4     -2      -0.813    -0.513        1.16      1.35
 4     1     4     -1      -0.515    -0.189        1.16      1.35
 4     1     4      0      -0.166     0.168        1.16      1.35
 4     1     4      1       0.239     0.515        1.16      1.34
 4     1     4      2       0.513     0.813        1.16      1.35
 4     1     5     -2      -0.825    -0.550        1.94      2.22
 4     1     5     -1      -0.524    -0.204        1.94      2.22
 4     1     5      0      -0.169     0.171        1.94      2.22
 4     1     5      1       0.204     0.524        1.94      2.22
 4     1     5      2       0.550     0.825        1.94      2.22
 4     1     6     -2      -0.825    -0.550        2.47      2.75
 4     1     6     -1      -0.524    -0.204        2.47      2.75
 4     1     6      0      -0.171     0.169        2.47      2.75
 4     1     6      1       0.204     0.524        2.47      2.75
 4     1     6      2       0.550     0.825        2.47      2.75
 4     1     7     -2      -0.825    -0.550        2.99     -3.01
 4     1     7     -1      -0.524    -0.204        2.99     -3.01
 4     1     7      0      -0.171     0.169        2.99     -3.01
 4     1     7      1       0.204     0.524        2.99     -3.01
 4     1     7      2       0.550     0.825        2.99     -3.01
 4     1     8     -2      -0.825    -0.550       -2.77     -2.49
 4     1     8     -1      -0.524    -0.204       -2.77     -2.49
 4     1     8      0      -0.169     0.171       -2.77     -2.49
 4     1     8      1       0.204     0.524       -2.77     -2.49
 4     1     8      2       0.550     0.825       -2.77     -2.49
 4     1     9     -2      -0.822    -0.549       -2.23     -1.95
 4     1     9     -1      -0.522    -0.203       -2.23     -1.95
 4     1     9      0      -0.168     0.171       -2.23     -1.95
 4     1     9      1       0.203     0.522       -2.23     -1.95
 4     1     9      2       0.549     0.822       -2.23     -1.95
 4     1    10     -2      -0.830    -0.525       -1.92     -1.59
 4     1    10     -1      -0.527    -0.194       -1.92     -1.59
 4     1    10      0      -0.173     0.170       -1.92     -1.59
 4     1    10      1       0.194     0.527       -1.92     -1.59
 4     1    10      2       0.525     0.830       -1.92     -1.59
 4     1    11     -2      -0.822    -0.549       -1.19     -0.92
 4     1    11     -1      -0.522    -0.203       -1.19     -0.92
 4     1    11      0      -0.171     0.168       -1.19     -0.92
 4     1    11      1       0.203     0.522       -1.19     -0.92
 4     1    11      2       0.549     0.822       -1.19     -0.92
 4     1    12     -2      -0.825    -0.528       -0.85     -0.65
 4     1    12     -1      -0.523    -0.195       -0.85     -0.65
 4     1    12      0      -0.169     0.171       -0.85     -0.65
 4     1    12      1       0.195     0.523       -0.85     -0.65
 4     1    12      2       0.528     0.825       -0.85     -0.65
 4     1     1     -2      -0.825    -0.550       -0.13      0.15
 4     1     1     -1      -0.524    -0.204       -0.13      0.15
 4     1     1      0      -0.169     0.171       -0.13      0.15
 4     1     1      1       0.204     0.524       -0.13      0.15
 4     1     1      2       0.550     0.825       -0.13      0.15
 4     1     2     -2      -0.825    -0.550        0.40      0.67
 4     1     2     -1      -0.524    -0.204        0.40      0.67
 4     1     2      0      -0.171     0.169        0.40      0.67
 4     1     2      1       0.204     0.524        0.40      0.67
 4     1     2      2       0.550     0.825        0.40      0.67
 4     1     3     -2      -0.825    -0.550        0.92      1.20
 4     1     3     -1      -0.524    -0.257        0.92      1.20
 4     1     3      0      -0.171     0.169        0.92      1.20
 4     1     3      1       0.204     0.524        0.92      1.20
 4     1     3      2       0.550     0.825        0.92      1.20
 4     1     4     -2      -0.830    -0.543        1.35      1.55
 4     1     4     -1      -0.527    -0.201        1.35      1.55
 4     1     4      0      -0.170     0.173        1.35      1.55
 4     1     4      1       0.254     0.527        1.35      1.55
 4     1     4      2       0.543     0.830        1.35      1.55
 4     1     5     -2      -0.825    -0.517        2.23      2.49
 4     1     5     -1      -0.523    -0.191        2.23      2.49
 4     1     5      0      -0.169     0.171        2.23      2.49
 4     1     5      1       0.191     0.523        2.23      2.49
 4     1     5      2       0.517     0.825        2.23      2.49
 4     1     6     -2      -0.825    -0.517        2.75      3.01
 4     1     6     -1      -0.523    -0.191        2.75      3.01
 4     1     6      0      -0.171     0.169        2.75      3.01
 4     1     6      1       0.191     0.523        2.75      3.01
 4     1     6      2       0.517     0.825        2.75      3.01
 4     1     7     -2      -0.825    -0.517       -2.75     -3.01
 4     1     7     -1      -0.523    -0.191       -2.75     -3.01
 4     1     7      0      -0.171     0.169       -2.75     -3.01
 4     1     7      1       0.191     0.523       -2.75     -3.01
 4     1     7      2       0.517     0.825       -2.75     -3.01
 4     1     8     -2      -0.825    -0.528       -2.49     -2.29
 4     1     8     -1      -0.523    -0.195       -2.49     -2.29
 4     1     8      0      -0.169     0.171       -2.49     -2.29
 4     1     8      1       0.195     0.523       -2.49     -2.29
 4     1     8      2       0.528     0.825       -2.49     -2.29
 4     1    10     -2      -0.830    -0.525       -1.56     -1.22
 4     1    10     -1      -0.527    -0.194       -1.56     -1.22
 4     1    10      0      -0.173     0.170       -1.56     -1.22
 4     1    10      1       0.194     0.527       -1.56     -1.22
 4     1    10      2       0.525     0.830       -1.56     -1.22
 4     1    12     -2      -0.825    -0.550       -0.65     -0.37
 4     1    12     -1      -0.524    -0.204       -0.65     -0.37
 4     1    12      0      -0.169     0.171       -0.65     -0.37
 4     1    12      1       0.204     0.524       -0.65     -0.37
 4     1    12      2       0.550     0.825       -0.65     -0.37
 4     1     4     -2      -0.830    -0.543        1.59      1.79
 4     1     4     -1      -0.527    -0.201        1.59      1.79
 4     1     4      0      -0.170     0.173        1.59      1.79
 4     1     4      1       0.254     0.527        1.59      1.79
 4     1     4      2       0.543     0.830        1.59      1.79
 4     1     4     -2      -0.813    -0.513        1.80      1.99
 4     1     4     -1      -0.515    -0.189        1.80      1.99
 4     1     4      0      -0.166     0.168        1.80      1.99
 4     1     4      1       0.239     0.515        1.80      1.98
 4     1     4      2       0.513     0.813        1.80      1.99
