19	495
11	285
19	497
19	496
20	500
19	496
14	360
20	501
19	496
36	909
24	610
14	363
20	500
19	498
34	862
36	909
4	111
20	501
30	760
20	502
20	501
27	685
33	835
19	495
19	498
5	134
20	500
19	498
32	810
17	432
4	110
19	497
19	498
31	785
4	111
31	783
20	501
20	500
17	435
20	501
19	498
19	495
25	633
15	386
19	498
17	435
15	383
19	496
19	497
34	860
33	837
27	685
10	260
20	500
20	501
20	500
19	484
35	883
11	285
19	496
19	498
32	808
20	500
20	500
15	384
20	500
19	498
36	909
18	461
19	498
16	410
20	500
19	497
29	736
14	363
19	498
33	835
16	412
20	500
24	610
20	501
19	498
25	635
11	287
30	760
4	111
19	497
35	885
19	487
20	500
20	501
19	498
29	736
19	497
31	784
24	610
20	502
19	498
19	498
36	910
11	284
19	498
19	496
30	760
28	710
8	210
7	185
25	636
7	186
20	501
20	501
20	501
36	911
10	261
19	498
27	685
19	497
25	634
22	560
34	862
20	500
19	494
32	809
20	511
19	498
16	411
20	500
20	500
34	860
12	310
19	498
19	496
19	498
25	633
19	498
19	498
26	660
20	500
17	437
8	209
19	496
17	435
19	497
19	496
7	186
20	503
18	460
4	110
22	557
9	233
20	501
20	504
18	460
19	498
20	500
9	236
5	136
19	498
8	210
6	160
20	500
20	501
19	496
32	811
18	461
20	501
35	885
20	500
28	710
15	384
20	500
20	501
35	885
15	386
20	501
20	500
35	884
12	311
19	496
19	498
34	860
20	500
33	835
20	500
20	501
20	501
20	501
20	500
19	483
20	504
19	496
11	285
19	498
20	501
30	762
16	412
20	500
18	460
20	500
19	494
19	496
19	485
19	497
29	737
5	135
20	501
20	500
32	809
17	435
20	500
20	500
32	809
23	585
23	586
20	500
20	500
34	861
10	260
19	495
24	612
20	500
20	500
19	497
20	500
18	460
19	498
19	498
27	686
7	185
19	495
20	502
29	736
10	260
20	501
19	496
20	511
14	359
20	502
15	387
35	888
20	510
19	498
19	494
24	608
20	501
19	497
25	637
20	500
7	187
19	498
20	501
20	503
19	496
20	503
16	411
6	161
20	502
19	498
19	498
17	433
20	501
20	501
20	501
20	501
20	500
33	837
12	312
20	502
20	500
36	910
19	487
19	497
12	310
19	498
19	498
25	635
13	333
20	500
19	498
19	497
30	758
20	501
20	500
17	437
5	135
17	434
9	236
36	907
6	159
14	359
4	111
20	500
19	498
19	498
17	435
10	262
26	660
20	502
20	501
19	486
8	210
19	497
23	585
19	498
7	184
20	500
20	500
35	884
10	258
20	500
35	885
11	285
9	237
20	500
20	502
21	535
30	761
10	260
19	496
19	496
25	637
19	498
26	661
19	498
24	609
21	535
19	498
19	498
28	710
23	583
20	501
20	502
20	501
19	497
21	535
19	498
20	501
20	500
19	498
34	861
8	210
19	498
19	498
26	662
7	185
20	502
26	659
20	503
30	760
17	434
19	498
26	660
11	285
20	500
19	496
19	497
29	735
17	437
20	501
20	501
34	859
26	660
36	910
6	161
20	500
23	585
20	500
23	588
17	434
5	137
19	497
19	498
33	835
13	337
19	496
19	495
24	610
32	810
19	498
15	385
35	884
25	635
19	496
20	510
10	260
20	500
33	834
5	134
19	484
19	497
36	911
19	487
20	500
20	502
32	809
12	311
19	498
15	385
19	496
31	784
9	234
20	500
17	435
19	498
19	495
24	611
14	360
20	499
19	497
34	859
8	210
19	498
20	502
35	885
19	498
10	260
12	312
20	500
20	501
14	360
19	498
20	500
16	409
20	500
14	360
19	498
19	498
20	503
30	760
21	536
28	711
19	498
34	859
13	336
36	909
27	685
9	233
19	497
22	560
20	501
19	497
25	635
16	413
30	760
12	310
12	311
19	498
19	498
17	435
13	335
20	500
19	496
19	496
26	660
9	236
32	810
33	834
19	498
6	160
20	508
30	760
22	560
27	685
21	535
20	500
20	501
36	910
20	500
19	498
20	500
36	911
15	385
20	501
4	111
19	498
19	485
20	500
20	501
19	496
35	885
19	496
19	498
17	438
19	498
19	497
20	501
18	461
4	111
19	498
19	495
19	485
19	497
23	585
8	210
20	499
19	497
34	859
18	460
4	110
20	501
19	497
19	485
10	260
19	498
20	500
20	508
12	311
20	500
19	498
20	501
20	501
20	502
30	760
10	260
20	500
19	498
33	836
16	412
20	500
20	500
20	500
14	361
7	185
19	498
19	497
19	497
17	437
4	110
6	159
20	502
35	885
20	501
20	501
20	500
18	459
13	335
19	498
30	760
16	410
19	495
14	362
20	500
20	500
30	760
20	500
21	533
14	361
19	498
19	498
19	498
21	535
20	501
20	500
21	535
20	503
20	500
20	500
19	498
34	859
10	261
20	501
19	498
34	861
10	260
19	498
36	910
14	360
20	501
20	500
16	410
29	735
20	500
20	502
22	560
5	132
19	498
26	658
22	560
30	760
19	498
21	536
5	135
28	710
15	385
19	496
19	498
19	497
21	535
7	184
20	506
20	503
31	784
15	385
20	500
20	500
20	500
36	910
19	498
29	736
19	497
36	911
14	360
32	809
14	361
27	685
5	134
32	810
24	610
20	501
20	500
20	500
25	635
16	410
19	496
36	909
20	500
19	496
32	810
25	636
19	497
30	763
15	385
19	497
36	910
16	411
19	497
33	835
20	501
19	498
19	498
22	558
20	500
20	500
19	498
34	860
30	760
7	185
21	536
7	185
19	498
31	784
27	685
19	496
33	835
20	501
20	501
32	811
20	500
33	835
13	337
19	497
19	498
20	500
33	836
17	435
19	497
19	496
13	335
20	500
19	498
30	761
9	236
34	860
15	385
20	502
32	810
6	160
19	498
20	500
12	311
19	498
19	497
20	511
19	483
20	500
9	235
19	495
19	496
30	761
4	109
19	498
18	457
7	185
19	496
34	860
11	285
20	501
19	497
30	760
14	360
4	111
20	501
34	860
9	237
9	237
4	108
20	501
23	585
17	436
19	495
19	498
26	660
20	501
23	586
20	500
12	309
13	335
6	159
19	498
33	835
8	210
19	496
28	709
22	561
19	498
20	501
23	586
19	497
19	496
30	759
19	498
10	260
20	500
20	500
30	760
11	284
20	501
20	500
20	501
17	436
19	498
12	311
19	496
20	501
20	502
19	486
6	161
34	862
13	335
20	500
20	501
9	235
20	500
20	501
20	500
20	501
31	786
13	335
29	736
16	410
21	536
11	284
19	497
31	785
14	362
20	500
19	496
19	495
28	710
17	434
20	500
20	503
34	861
11	286
9	235
20	500
16	410
17	436
25	635
11	285
19	498
20	500
24	610
19	497
19	498
19	498
6	160
20	501
20	500
19	498
27	686
10	261
19	498
20	501
20	501
20	501
20	500
31	785
21	534
19	498
31	785
23	583
7	185
12	310
6	158
19	498
19	498
20	510
23	585
16	410
27	685
22	560
4	109
19	498
27	687
20	501
26	658
9	233
20	501
28	712
9	235
19	498
28	710
8	210
19	497
19	486
20	500
20	500
28	708
21	533
19	497
36	910
13	334
19	497
20	500
19	497
36	912
29	734
24	613
13	335
20	502
19	498
36	911
7	186
20	500
27	684
8	210
25	635
16	409
20	501
20	500
15	385
20	501
20	500
20	501
20	510
19	495
29	737
19	486
8	210
20	500
19	498
20	500
20	501
20	505
22	562
8	210
20	501
30	760
19	498
36	910
27	687
19	498
35	885
19	496
19	495
21	535
19	497
19	497
19	498
36	910
14	360
19	497
20	501
31	783
22	558
25	635
20	500
36	909
20	510
19	496
19	497
35	885
25	635
7	185
19	498
19	498
16	410
20	502
20	501
20	501
20	503
6	161
20	502
5	135
20	500
20	501
30	761
20	509
20	500
20	500
31	782
33	833
8	210
20	501
20	500
10	260
34	860
20	500
28	712
12	310
20	500
20	500
20	501
22	560
19	498
20	500
19	496
18	459
4	111
19	496
20	510
19	496
35	886
10	259
20	503
20	501
36	910
20	500
20	502
20	500
20	512
25	633
5	136
19	496
21	534
19	498
19	498
33	835
17	435
19	498
13	338
20	500
19	497
26	660
13	335
34	861
20	500
21	535
19	497
23	583
19	486
20	501
20	500
20	500
19	498
27	685
11	283
19	498
20	501
20	500
6	159
20	500
16	411
12	310
26	661
10	259
26	660
21	535
20	503
34	861
9	236
20	500
36	910
24	612
19	498
20	501
34	860
21	535
20	501
19	498
17	436
20	501
32	809
34	860
24	609
19	495
19	496
32	811
12	310
19	498
20	501
22	560
28	710
19	495
36	910
11	284
28	711
20	509
24	608
20	502
33	832
28	709
20	500
20	500
20	500
20	500
20	500
20	499
20	502
19	498
19	498
19	498
19	498
19	497
20	500
36	913
6	160
31	785
7	185
19	498
19	496
16	410
20	503
19	497
29	737
26	662
7	184
20	500
19	498
35	885
6	160
20	500
23	587
20	501
19	497
30	759
15	385
20	501
19	496
16	409
20	501
20	500
19	498
7	185
20	501
29	735
15	384
20	500
20	501
19	485
20	501
8	210
22	558
5	137
19	493
22	559
20	502
13	336
20	500
28	711
14	359
20	500
19	496
35	885
27	684
28	710
20	500
19	497
20	500
30	760
15	385
19	497
19	498
19	498
30	760
14	359
33	834
18	460
20	500
18	463
26	660
19	498
20	502
36	910
13	335
20	500
21	535
20	501
36	910
25	633
19	498
19	497
30	761
20	500
20	501
19	497
19	498
20	500
22	560
20	500
20	500
19	497
27	685
17	434
35	886
18	460
20	502
20	500
22	560
14	361
20	500
19	497
36	910
19	497
19	497
36	911
17	435
4	110
20	500
24	610
19	498
25	637
17	435
20	501
27	685
17	434
20	501
28	710
9	238
36	909
12	311
8	212
20	500
28	708
21	535
19	497
20	510
19	498
13	334
19	494
19	497
32	811
20	500
20	500
20	501
15	385
19	498
8	210
20	503
19	496
28	710
6	163
20	500
10	258
7	185
20	500
20	500
13	336
19	497
20	502
30	759
21	536
20	500
20	511
8	209
19	498
27	685
20	500
20	501
30	760
20	500
19	498
30	758
17	433
19	498
20	501
20	500
27	684
6	161
20	500
20	500
20	500
20	500
33	835
8	210
20	503
19	497
20	501
18	457
20	501
21	537
19	498
25	636
19	496
26	660
12	309
19	496
19	496
33	837
26	659
19	498
19	498
20	500
27	687
25	635
7	187
20	501
27	685
16	409
20	501
36	910
17	435
20	501
20	502
24	607
4	107
36	910
29	734
20	501
19	497
29	735
16	410
19	498
8	211
20	500
35	887
26	660
6	162
20	500
20	500
21	538
27	685
15	385
15	385
19	497
19	495
31	785
19	496
20	501
21	536
19	498
12	310
34	860
28	709
9	235
20	500
33	837
17	435
21	535
18	459
33	836
22	560
19	498
19	496
19	498
32	810
13	335
20	500
20	502
29	735
17	435
4	113
19	496
28	711
11	285
20	501
20	501
19	498
35	885
24	608
20	501
13	334
20	500
19	498
19	498
25	635
5	135
20	501
21	535
20	500
20	503
20	501
23	585
9	235
19	496
20	501
16	410
20	500
24	610
20	504
20	503
20	503
20	504
19	498
19	497
20	500
20	501
20	501
20	500
19	497
28	710
11	284
20	499
20	499
20	501
19	498
20	502
20	500
35	884
27	685
6	161
18	460
19	498
16	409
4	110
20	500
9	236
20	500
29	735
16	410
19	498
19	497
19	486
20	501
6	160
23	584
11	286
20	501
20	503
20	500
20	500
18	460
11	285
4	111
20	502
20	501
19	498
28	710
7	185
19	498
20	501
20	500
32	810
17	434
20	502
23	585
19	498
20	502
17	433
10	261
10	258
19	498
19	496
19	497
19	485
33	835
15	384
22	559
20	509
8	211
19	498
19	498
15	384
36	912
27	685
6	160
19	496
19	495
25	633
15	383
19	497
19	496
28	710
11	285
24	611
27	686
20	500
20	500
26	660
21	534
12	311
20	501
19	497
33	835
20	511
24	609
14	360
19	498
19	498
19	498
34	858
4	111
19	496
19	497
22	560
20	500
26	660
11	286
20	500
20	500
35	887
31	786
19	496
19	496
13	336
19	494
20	501
34	860
21	534
20	500
20	510
19	497
14	360
20	501
35	885
17	434
10	260
34	860
20	502
14	360
20	502
19	498
11	285
20	500
20	502
20	503
20	503
19	498
19	498
19	498
20	503
20	503
20	502
20	505
19	497
19	497
20	503
34	862
13	335
20	499
19	497
20	501
20	500
20	500
20	501
19	498
19	498
19	497
35	885
16	410
11	285
20	500
19	496
31	785
19	498
20	500
23	587
8	210
20	501
7	186
12	310
4	110
20	508
16	411
19	496
20	512
17	433
20	500
19	498
30	761
10	259
20	500
19	498
32	810
20	501
20	500
31	785
18	460
19	498
19	498
26	660
26	658
19	496
26	660
20	501
19	498
20	500
19	498
31	785
7	186
20	500
20	501
30	761
13	335
19	498
21	533
12	310
32	812
28	710
20	500
20	501
19	498
27	685
5	135
20	500
21	534
15	385
19	498
18	461
19	497
19	497
30	760
15	385
19	498
15	384
20	501
20	501
20	501
33	835
14	361
20	500
17	434
20	501
19	498
6	160
20	500
19	496
20	510
20	502
19	499
29	735
11	284
7	187
36	912
19	485
19	496
31	784
6	159
20	500
19	497
24	612
19	497
20	504
35	886
20	502
20	501
20	500
24	610
16	409
28	710
14	359
12	310
20	500
29	735
10	259
20	503
21	537
20	500
20	501
5	135
21	535
19	498
29	735
4	111
20	501
32	810
30	759
20	500
24	612
20	512
20	500
26	660
4	111
28	710
20	500
20	500
34	861
10	260
19	485
19	495
19	497
20	500
36	909
21	533
20	500
19	497
32	811
27	687
33	834
20	508
8	208
20	501
18	460
20	500
20	500
20	501
36	910
28	710
19	498
20	500
19	498
7	185
20	500
20	501
20	502
27	682
7	184
19	497
32	810
20	500
19	497
11	284
4	109
35	885
15	386
24	609
12	311
35	886
4	108
28	708
20	501
17	435
5	137
14	359
20	501
20	500
21	537
19	498
34	861
25	637
11	285
19	498
26	658
20	501
20	500
32	810
18	459
26	660
6	159
20	500
24	610
19	497
21	536
27	685
19	496
11	287
5	135
20	501
31	784
12	310
20	501
30	761
7	184
32	811
23	585
20	501
19	496
16	407
20	501
20	501
19	498
19	498
24	607
23	586
17	434
19	495
19	495
25	636
17	435
19	498
20	501
12	312
4	110
19	498
23	587
19	498
19	497
21	534
6	160
20	500
31	786
18	461
9	235
19	498
14	364
19	496
19	496
18	460
19	498
19	497
19	498
19	498
17	435
19	498
20	501
33	835
13	335
19	496
19	496
8	211
19	497
19	496
19	496
32	810
20	502
20	501
31	785
14	360
10	262
20	500
27	682
13	335
24	609
20	510
20	501
23	587
19	498
20	501
5	135
19	498
31	785
20	501
20	501
13	334
20	501
35	885
30	760
30	759
20	501
16	410
19	498
20	502
36	910
11	285
19	498
19	497
28	711
4	110
19	497
20	500
19	498
19	497
20	501
33	834
8	211
20	501
20	500
25	635
24	610
21	535
20	500
20	501
20	500
22	559
9	235
20	500
20	500
35	886
10	260
19	498
32	810
18	460
20	500
34	860
19	498
19	496
19	497
30	761
19	488
20	501
19	497
18	462
19	498
19	497
19	498
35	885
8	212
19	497
19	496
33	835
9	237
19	496
19	497
26	661
5	135
6	160
19	498
19	495
12	309
20	499
20	500
34	859
12	309
36	910
12	313
19	497
20	500
20	500
18	459
10	260
19	497
15	385
19	496
20	501
24	611
27	684
5	135
20	500
30	759
8	210
19	497
20	500
20	502
20	510
20	500
16	410
20	500
24	610
18	460
20	500
20	500
20	500
25	634
19	498
20	500
27	684
16	410
19	498
26	660
16	411
20	500
19	498
21	536
30	759
13	333
20	500
34	858
13	335
20	500
20	500
20	500
34	860
18	462
13	335
20	500
28	711
9	236
19	498
8	210
19	497
19	498
9	235
20	502
16	410
4	110
19	498
17	435
20	501
17	435
19	497
19	495
11	285
20	502
18	460
19	497
19	497
31	785
22	560
10	262
28	710
27	687
14	360
20	501
8	210
20	501
22	560
11	286
20	500
19	498
20	501
19	497
16	410
19	498
19	498
21	536
4	110
20	500
20	500
32	809
19	484
19	498
32	809
7	185
35	883
22	559
12	312
20	500
19	484
4	111
20	500
20	500
20	500
34	861
19	497
20	501
19	497
17	435
19	498
27	686
10	260
20	501
12	309
20	500
27	685
9	235
20	500
19	498
20	511
6	160
20	501
20	500
19	487
20	500
19	498
15	387
20	502
19	498
24	609
20	500
19	498
27	687
19	498
19	496
16	410
19	496
19	498
35	884
22	560
21	534
5	135
19	497
16	409
19	498
20	500
27	685
19	498
19	498
9	235
20	500
20	500
32	809
7	186
19	497
14	360
19	498
20	501
26	663
4	111
19	496
19	496
28	711
5	135
19	496
33	835
22	562
24	610
11	285
20	501
20	502
17	435
20	500
20	510
9	236
34	860
20	500
19	498
19	497
33	835
31	785
20	500
29	734
31	785
7	186
20	500
27	685
7	186
20	500
19	498
20	500
20	501
27	685
20	500
32	810
12	310
20	500
20	500
34	859
14	362
19	498
19	496
23	586
19	497
20	500
34	862
12	311
20	501
20	500
34	859
19	484
20	500
22	561
14	361
19	498
20	501
29	735
34	861
17	435
20	500
19	497
36	911
20	500
19	498
20	501
27	686
10	260
19	485
19	497
27	686
20	500
20	500
19	498
19	498
22	560
11	283
20	502
30	760
19	485
20	501
30	761
27	685
20	501
27	685
8	210
19	496
19	497
34	861
11	285
20	501
20	499
21	534
12	310
19	498
19	498
22	560
20	500
31	785
21	536
35	885
20	500
20	501
19	497
19	496
21	535
20	502
19	484
5	136
19	497
29	737
9	235
19	498
31	785
6	161
19	495
7	186
20	500
19	498
22	559
5	138
19	497
19	497
20	500
19	485
16	410
20	501
19	498
19	498
34	859
4	108
20	501
27	687
4	111
20	500
29	735
22	562
7	185
19	497
16	408
21	532
33	835
17	435
20	500
19	498
20	502
19	496
14	360
19	496
19	497
19	485
15	385
19	497
26	659
7	186
19	498
20	501
32	810
25	633
33	835
16	410
34	861
10	260
20	500
35	886
19	498
19	498
33	835
12	310
24	610
20	502
18	460
20	500
33	835
14	361
5	135
20	501
20	500
26	660
17	435
20	500
20	500
9	238
31	784
14	361
20	500
20	510
6	160
20	502
20	500
26	662
10	260
20	499
19	498
32	810
20	509
9	235
19	497
30	762
9	236
31	782
13	335
19	497
19	495
19	498
24	610
20	500
17	434
10	260
19	495
19	485
16	410
20	502
20	500
15	387
19	498
20	501
16	409
20	500
32	809
17	436
20	500
30	760
7	185
20	500
20	500
35	885
20	504
23	583
19	496
20	500
10	259
19	496
10	260
19	496
29	734
21	534
20	500
19	485
5	137
20	501
19	498
30	760
20	500
19	497
20	501
33	835
21	534
4	111
20	500
26	662
7	187
20	500
20	501
20	501
19	497
19	498
35	886
19	498
13	335
20	500
35	886
15	386
20	501
20	501
27	684
10	260
36	911
11	284
21	535
19	498
30	759
8	209
25	635
28	710
9	237
20	501
35	884
4	111
19	496
21	533
20	500
20	501
19	497
20	501
15	386
20	501
28	710
19	495
19	496
15	384
19	498
20	501
22	559
19	497
33	835
20	500
20	501
18	460
20	502
20	501
34	860
23	587
20	502
35	883
22	561
20	502
20	501
19	497
34	861
16	411
19	497
32	810
11	284
19	498
20	500
20	500
32	810
18	460
19	497
20	504
29	735
20	502
20	503
7	185
19	498
19	498
35	886
16	412
20	500
24	610
11	284
19	493
19	495
18	460
19	498
27	686
20	500
20	502
19	498
25	633
20	501
18	460
8	210
20	501
19	498
20	501
33	835
14	360
29	736
6	160
20	501
20	502
19	498
19	497
32	812
35	884
11	286
19	496
19	494
27	685
19	497
19	497
20	502
20	503
15	385
20	500
19	498
19	498
35	887
16	407
13	336
20	502
20	501
36	910
18	460
31	785
17	435
19	495
19	495
17	438
26	660
24	609
5	136
20	501
20	504
30	758
15	386
20	500
20	501
35	885
19	497
35	885
20	501
20	501
20	501
32	810
20	510
25	634
9	235
19	498
35	886
24	612
19	496
35	886
29	735
6	160
20	501
19	498
21	537
5	135
20	500
36	909
18	461
20	500
20	503
14	360
6	158
19	496
12	310
19	495
23	585
17	435
20	500
20	501
20	501
19	497
15	385
20	502
20	500
29	733
23	585
20	500
34	860
16	411
19	497
19	496
27	685
22	560
20	501
20	500
18	460
19	496
14	361
5	135
32	807
35	886
14	361
20	500
17	435
9	234
20	500
19	499
33	834
7	186
19	498
20	500
19	498
32	810
15	386
6	160
19	498
15	385
20	500
19	499
34	860
19	498
10	260
19	498
19	495
32	809
19	485
19	497
31	785
20	500
20	502
19	498
33	835
20	509
20	500
20	500
15	384
20	500
19	497
20	501
35	883
21	532
19	496
33	837
14	360
20	502
25	637
19	498
36	912
9	235
20	501
29	736
15	385
19	496
15	383
19	497
24	610
19	497
19	496
9	235
19	498
31	784
19	496
25	634
16	410
20	501
20	500
19	498
19	498
10	260
27	686
6	160
19	498
22	560
5	135
20	500
19	498
32	810
19	498
15	385
19	496
10	260
33	836
17	435
19	498
23	585
20	501
19	497
21	535
19	498
15	387
19	498
19	484
19	498
20	500
22	560
17	435
19	498
35	885
19	498
19	496
19	497
19	497
19	498
19	496
29	735
10	261
19	497
19	496
19	496
20	503
25	635
19	497
25	635
9	234
23	585
19	498
30	760
9	237
19	498
20	500
20	500
19	499
23	585
19	497
20	502
25	634
16	408
20	500
20	501
20	501
20	501
18	460
19	496
30	760
13	335
20	500
26	660
31	785
33	836
21	535
20	500
25	636
4	109
30	760
19	497
36	910
25	635
20	502
20	501
26	660
8	210
20	502
20	500
24	610
7	183
19	498
11	286
22	560
9	236
20	500
34	860
11	285
7	186
20	500
20	501
19	497
36	910
12	310
19	498
19	496
19	496
22	559
20	502
20	503
35	883
6	161
20	500
19	498
20	500
17	435
20	500
21	536
16	410
26	660
7	184
27	684
15	383
20	500
32	809
9	237
20	500
24	610
9	234
20	502
4	110
19	498
14	360
19	485
20	500
25	636
17	435
19	498
20	501
20	501
20	500
19	498
18	461
20	501
19	497
34	860
27	684
11	287
19	497
27	686
11	285
29	733
6	160
19	498
20	501
34	859
31	784
26	660
16	409
19	497
31	785
12	310
19	490
28	709
19	498
10	260
19	494
29	735
17	434
20	501
17	433
12	310
20	500
27	685
19	498
19	498
31	785
20	501
20	501
20	501
26	659
20	501
36	909
14	360
20	500
9	237
19	496
19	496
19	499
20	500
20	503
29	736
10	261
20	501
19	497
11	285
20	500
19	494
19	497
24	609
19	496
19	486
13	335
20	500
16	410
10	261
26	661
22	559
19	497
34	864
13	335
19	496
27	685
17	437
20	500
20	503
16	410
8	210
19	498
18	461
4	111
20	501
19	497
29	735
19	483
19	497
23	585
20	500
25	637
6	159
19	497
19	496
19	498
36	910
20	500
19	498
33	835
27	685
8	209
20	500
15	385
20	501
20	503
15	386
15	386
10	260
19	498
19	494
30	759
16	410
20	500
20	500
20	501
22	561
23	584
20	501
30	762
8	211
34	859
14	360
20	511
9	235
19	498
20	500
19	498
19	494
36	913
15	385
7	185
19	498
12	311
19	498
19	498
8	211
4	108
19	497
31	784
5	137
19	498
11	283
19	495
20	510
19	498
19	498
20	500
20	501
24	609
15	385
25	635
33	837
21	535
20	501
29	736
16	412
19	498
26	662
20	500
19	497
20	500
20	501
14	360
20	501
20	501
19	498
16	409
4	112
19	497
25	637
20	501
20	501
20	501
35	884
19	485
19	498
19	498
23	585
5	135
19	498
23	587
20	500
19	498
19	496
29	735
23	583
19	496
20	502
20	500
33	834
16	411
26	662
4	110
28	709
8	211
20	500
20	500
19	498
19	495
25	635
20	501
21	535
4	110
19	498
19	495
19	486
20	500
20	500
20	508
19	499
28	709
7	184
20	500
16	410
5	136
32	812
29	736
19	498
25	636
23	585
19	497
20	500
28	711
19	496
21	535
20	501
19	497
19	497
23	586
30	759
13	336
18	460
20	501
19	498
21	536
20	500
35	885
28	710
19	498
24	610
12	310
20	500
19	498
20	501
20	501
20	501
35	885
19	485
8	210
17	435
20	500
20	501
18	460
16	408
24	607
9	235
34	860
9	235
20	500
20	500
24	609
20	500
33	835
19	496
19	498
29	736
25	635
6	159
19	496
19	497
8	210
20	500
36	911
8	211
20	501
19	496
25	635
13	335
20	500
19	497
31	786
5	135
20	500
17	436
10	261
19	498
34	859
20	500
9	235
7	185
20	502
20	500
20	512
19	498
32	810
19	498
20	501
30	760
15	382
19	496
16	412
7	186
20	500
19	496
31	784
9	235
20	501
20	501
30	760
15	385
19	498
19	498
20	508
10	258
20	500
20	500
7	186
22	560
19	498
27	686
13	335
36	913
14	360
13	335
20	501
20	500
26	659
5	137
19	497
8	209
20	500
20	501
19	498
15	384
4	110
36	911
16	412
4	110
20	501
26	661
20	500
36	909
17	436
19	498
34	862
12	310
19	485
20	501
20	509
19	498
20	501
34	861
18	460
13	336
22	560
11	285
20	500
20	500
23	585
8	209
20	502
20	502
19	498
31	785
20	500
20	500
24	610
18	459
20	500
20	500
14	361
20	500
19	498
31	786
12	310
19	498
13	334
20	500
29	735
20	500
19	498
35	887
23	586
20	500
20	501
19	497
13	336
19	498
19	497
32	812
11	285
19	498
20	500
24	609
8	211
20	500
21	535
16	410
19	497
30	759
8	211
20	500
20	501
20	502
21	535
21	535
21	538
14	361
20	500
19	497
19	497
22	563
16	411
19	499
19	498
34	860
23	585
19	497
19	495
19	498
20	508
6	160
20	501
32	810
7	187
24	609
8	210
20	500
12	310
19	496
19	497
20	501
25	635
20	500
19	496
19	498
20	501
20	507
20	502
19	498
20	501
34	861
19	484
19	497
20	502
20	500
24	613
15	386
20	501
20	500
20	502
25	635
13	336
19	495
19	496
35	885
7	185
20	500
19	498
19	497
20	501
22	559
20	501
20	500
19	497
27	684
28	710
5	135
20	500
13	335
19	498
36	910
19	484
20	500
19	498
34	860
9	235
19	496
19	494
26	661
35	885
8	209
27	685
20	500
35	886
11	284
20	502
20	502
19	498
20	501
20	500
34	861
5	137
20	502
26	661
20	500
29	735
6	160
20	501
35	885
16	408
19	498
31	787
20	500
19	496
20	503
20	502
25	633
9	234
20	500
22	561
8	210
19	498
23	585
4	109
20	500
20	500
20	500
20	500
19	498
19	495
29	734
16	410
21	535
20	500
23	585
19	498
19	498
19	498
36	910
16	410
20	500
20	501
19	499
19	495
29	732
6	162
19	495
20	498
19	495
33	835
20	500
7	185
21	535
7	185
19	497
35	885
28	710
19	498
23	586
19	498
22	560
10	260
29	737
10	260
20	500
20	500
19	496
29	736
6	159
35	885
21	535
9	235
19	498
14	360
7	184
20	501
5	135
4	112
18	460
7	185
23	585
12	310
19	498
20	501
20	500
20	500
20	510
20	500
20	500
34	860
10	260
20	502
6	159
19	498
25	635
10	260
29	735
9	235
20	501
20	500
19	498
20	501
16	410
20	502
30	757
10	260
19	485
20	500
22	561
19	498
34	860
20	501
27	685
19	498
12	312
5	136
19	497
19	496
19	498
35	883
7	184
20	500
32	809
8	211
19	495
17	432
20	500
20	501
19	497
22	561
26	657
13	337
18	458
19	485
10	259
19	486
5	135
30	761
17	435
20	500
15	385
19	497
8	212
19	498
20	503
20	500
10	262
20	500
31	785
31	787
22	563
20	500
20	508
24	610
20	501
26	658
19	498
20	501
15	385
19	497
19	496
19	494
33	834
11	285
20	501
21	535
5	138
20	501
11	283
20	500
20	500
28	709
14	360
19	488
10	261
20	500
22	560
10	261
20	501
20	500
27	685
10	262
19	498
19	498
19	486
6	162
19	498
19	495
21	535
7	186
20	500
16	411
25	636
20	501
20	501
20	502
20	502
6	160
19	498
20	500
20	501
20	500
20	500
30	759
22	561
12	310
20	500
16	409
19	497
35	886
11	285
19	498
26	662
6	159
20	500
35	885
32	810
19	496
21	534
8	211
19	498
26	660
33	835
21	535
19	498
11	287
8	211
19	498
18	461
16	410
20	500
16	412
7	185
33	835
13	335
19	495
19	496
25	635
19	498
22	560
13	334
20	500
20	500
20	502
23	584
19	498
26	659
17	435
19	497
20	500
20	501
28	710
20	501
30	760
12	310
19	497
19	498
25	636
11	284
35	885
6	160
12	309
20	501
19	498
25	636
19	497
19	497
28	710
19	498
12	308
20	500
19	498
27	686
10	259
20	500
20	501
31	786
17	436
19	498
19	496
20	500
20	502
20	510
31	784
5	135
20	500
32	810
12	310
19	497
20	501
20	500
18	461
20	501
24	610
12	309
19	498
34	864
19	485
17	436
20	500
25	636
11	285
20	501
20	500
24	610
20	505
25	635
21	535
35	885
5	135
20	502
20	500
31	785
11	284
19	496
19	498
19	498
20	508
20	501
27	686
19	484
19	498
20	500
26	660
19	498
36	910
6	160
20	501
20	502
31	786
7	184
19	485
20	500
18	460
20	500
36	909
10	260
20	501
28	712
15	384
19	496
20	500
34	861
21	535
30	762
11	286
34	862
27	686
17	435
20	501
17	436
20	500
33	836
7	185
13	335
9	235
19	496
19	498
22	557
19	496
7	185
19	498
14	359
19	496
19	496
20	500
27	685
19	498
34	861
22	560
20	501
20	500
32	810
11	285
20	500
20	510
8	210
19	498
19	498
33	835
9	235
20	509
19	496
23	585
20	500
19	498
20	500
33	837
19	497
19	496
9	237
20	500
20	500
20	509
8	209
19	498
17	434
19	497
23	583
11	284
20	501
20	502
34	859
14	361
20	500
14	361
19	498
20	500
20	501
20	500
29	737
10	261
20	501
20	500
33	835
19	498
32	811
15	386
24	610
8	208
36	910
7	185
5	135
20	502
20	500
19	498
20	500
12	309
8	212
33	837
6	160
19	497
24	610
11	285
19	498
20	500
13	334
19	498
21	535
31	785
20	500
26	659
20	509
14	358
20	500
20	500
20	500
32	809
20	501
33	834
4	110
20	500
35	884
25	635
10	263
20	501
15	385
20	501
31	786
20	501
20	501
24	610
17	436
20	501
35	884
17	434
21	535
6	161
20	500
11	286
9	235
20	500
17	435
19	496
19	498
17	435
20	500
4	110
20	501
17	435
19	497
20	500
26	660
11	283
33	834
6	161
20	501
25	635
30	760
17	435
31	786
13	335
20	501
25	635
4	110
20	501
20	500
18	461
9	235
20	501
20	502
20	500
20	501
20	500
20	501
19	498
24	612
11	283
20	502
20	500
36	910
17	435
9	235
18	460
20	501
20	511
20	500
29	737
5	135
19	495
20	500
20	501
19	498
36	911
18	460
20	500
27	684
19	498
19	498
35	885
19	483
28	711
20	501
19	498
20	500
22	559
9	233
20	500
33	836
26	662
10	260
19	496
32	809
8	211
20	500
19	497
27	685
23	585
19	497
20	503
16	410
24	610
7	185
19	496
14	360
20	501
19	498
19	496
20	500
35	884
21	533
20	500
19	498
21	534
26	660
16	411
12	311
29	734
20	500
22	561
6	161
19	497
22	560
17	435
12	310
19	498
19	498
32	809
23	584
19	498
19	498
31	785
13	335
10	260
19	497
22	562
19	485
19	496
17	435
19	494
17	436
19	497
25	635
4	110
19	497
24	612
8	210
19	498
20	501
20	500
35	885
27	685
17	436
19	498
32	811
11	286
19	498
22	559
20	500
19	497
23	586
19	498
19	497
9	237
4	111
15	385
20	500
28	708
10	260
20	501
23	583
14	361
19	498
24	610
5	137
19	498
20	502
26	661
14	360
19	498
29	735
20	501
20	500
19	498
19	484
4	112
30	762
10	260
20	500
18	460
20	501
24	611
5	135
20	501
18	460
19	495
19	498
19	496
17	436
8	210
19	498
31	784
12	308
20	501
19	495
32	809
21	535
20	500
20	500
9	235
20	500
19	495
10	260
20	500
19	493
9	235
19	497
19	496
20	500
19	497
19	495
20	501
35	885
17	434
19	497
8	210
15	384
19	495
19	496
31	784
8	210
19	497
20	500
21	535
7	186
20	500
20	500
19	493
19	497
5	133
20	499
14	360
4	109
19	495
18	460
4	111
20	501
19	498
16	408
19	498
20	500
19	496
19	496
27	684
24	610
19	498
13	336
4	109
19	497
25	634
12	308
20	500
20	500
20	512
33	835
6	160
19	497
12	310
20	501
19	497
20	512
4	110
20	500
25	635
4	110
19	498
20	500
23	585
5	134
20	502
20	502
36	909
16	411
19	498
19	497
18	461
5	135
19	498
35	887
19	486
19	498
17	435
18	463
7	185
20	500
5	135
20	500
18	460
5	135
19	496
33	835
16	410
8	209
36	911
4	110
31	786
18	460
20	500
19	498
15	385
19	496
36	911
24	611
28	710
5	135
19	496
20	500
30	761
19	496
20	500
20	501
27	684
19	496
15	386
19	498
24	611
9	234
21	534
10	259
20	501
20	501
8	210
19	496
34	860
20	500
20	501
19	497
35	885
13	337
19	498
19	497
20	500
20	500
18	461
19	498
36	910
16	412
19	494
19	496
16	413
19	495
30	760
6	160
21	534
31	785
26	661
19	496
19	497
24	610
33	838
7	186
29	736
6	159
14	360
19	496
19	498
32	810
23	585
20	500
27	685
10	259
35	884
18	462
20	502
20	503
20	500
20	503
25	635
8	210
20	500
36	910
9	235
20	503
20	502
31	785
17	435
20	501
24	610
9	236
20	500
33	833
19	495
19	494
25	636
20	502
19	498
33	835
7	185
20	501
20	500
30	760
24	609
19	497
19	499
20	512
20	500
17	437
20	500
19	496
19	496
31	784
15	385
20	501
20	501
18	460
19	497
19	496
36	910
13	335
19	498
20	500
26	660
19	498
16	409
12	311
20	500
19	498
19	498
20	500
19	496
20	511
11	284
13	334
19	498
20	500
35	885
14	359
20	501
31	786
10	258
19	498
35	886
19	498
25	634
20	500
33	834
17	433
19	498
20	500
20	500
19	497
19	488
20	500
24	610
5	136
19	498
26	660
20	502
14	360
34	860
13	335
19	497
20	500
19	496
36	908
10	261
19	497
15	385
19	498
36	910
18	460
8	211
20	501
20	501
35	885
19	486
19	498
13	336
31	784
23	585
20	501
20	501
11	285
7	185
19	496
19	496
20	501
5	135
20	500
19	497
27	685
20	501
19	497
26	660
29	735
28	710
20	500
20	501
15	385
20	500
23	585
20	500
19	498
19	498
19	498
33	837
19	498
20	500
19	496
22	559
16	412
19	497
31	785
12	307
19	498
20	501
20	510
20	500
28	710
11	285
20	500
20	501
19	498
20	500
20	501
18	461
6	160
20	501
18	461
7	185
19	498
24	611
20	501
36	910
14	361
19	498
6	159
19	497
29	736
19	495
20	502
18	460
19	496
35	883
20	500
25	636
15	384
20	500
34	859
9	233
20	501
24	610
19	487
19	498
18	459
5	135
27	685
24	610
20	500
29	733
27	685
5	135
19	497
19	495
25	635
6	160
27	685
12	309
34	860
17	437
19	498
10	261
22	560
28	711
4	112
19	498
19	498
19	498
19	496
29	734
14	361
36	909
13	335
20	502
24	610
35	884
32	811
20	501
19	496
11	285
20	502
20	502
6	161
20	500
16	410
12	309
19	498
34	861
17	435
33	837
31	785
8	210
19	497
26	662
18	461
4	110
19	497
22	560
25	635
15	384
20	500
19	498
19	496
20	503
35	883
16	410
20	500
20	500
24	610
11	285
32	810
20	500
20	501
20	501
21	537
7	188
31	784
8	209
20	501
7	185
22	560
6	160
20	500
19	497
12	309
19	498
31	785
6	159
20	501
20	501
26	662
4	111
20	500
30	760
7	184
18	463
10	261
20	503
20	501
19	496
25	634
19	496
26	661
8	210
19	498
19	498
20	500
31	785
13	335
20	500
35	884
22	560
20	500
19	498
26	661
19	497
14	360
19	496
20	501
19	489
20	503
20	503
30	760
22	559
20	500
20	502
35	885
9	235
19	497
23	585
20	501
20	502
31	785
13	332
19	496
19	496
8	212
35	884
24	611
20	501
19	493
20	500
20	510
19	495
20	502
20	502
24	610
11	284
20	502
19	498
14	359
19	496
7	186
19	497
19	498
29	734
9	235
19	496
20	501
22	560
4	110
20	500
19	497
13	335
5	137
20	500
20	501
19	498
32	810
12	312
20	501
35	885
26	659
19	498
15	387
29	735
6	160
22	560
12	310
20	501
20	501
30	761
21	535
19	498
30	761
10	260
20	502
27	685
19	497
19	498
10	260
20	510
18	460
21	536
7	187
20	500
17	436
19	498
19	498
7	185
19	498
19	498
19	484
20	510
19	497
19	492
29	736
20	509
19	497
19	496
19	497
29	735
20	500
20	500
20	501
34	861
20	501
19	498
32	810
23	585
10	260
20	501
29	736
5	136
20	502
13	336
5	133
20	500
6	161
29	735
8	210
20	503
19	497
20	501
19	495
32	811
17	434
19	498
20	501
20	500
18	460
6	160
20	501
20	501
16	412
7	184
19	497
19	493
19	494
25	635
8	210
31	784
16	410
20	502
20	500
30	759
12	310
19	498
16	410
20	502
30	761
9	235
20	500
19	498
20	501
26	660
19	496
24	610
5	134
20	500
20	500
31	786
7	184
30	760
22	560
19	496
19	496
19	497
22	558
34	860
20	503
28	712
13	335
19	498
20	501
20	501
20	501
20	501
17	435
19	496
19	498
23	585
4	111
20	501
28	710
25	635
19	498
19	498
20	511
19	498
30	760
13	335
19	498
19	495
13	337
20	501
20	511
19	485
20	500
27	684
18	459
27	684
6	159
20	500
20	500
19	497
21	535
20	501
20	500
19	497
9	233
19	497
35	886
22	562
19	495
19	496
20	501
11	285
20	502
20	501
28	711
4	109
19	496
20	500
36	910
20	500
20	500
23	588
5	137
20	502
20	503
35	886
22	559
20	501
29	735
10	260
20	501
20	501
34	859
9	235
20	502
20	503
22	561
17	437
20	500
14	360
20	502
19	485
20	502
29	734
8	210
36	910
15	384
30	762
13	335
19	498
19	497
20	501
28	710
19	487
20	501
7	185
19	498
19	496
19	496
19	498
21	535
29	734
22	561
20	501
20	504
20	510
29	736
7	186
19	496
28	710
20	501
19	485
10	261
19	498
25	637
19	497
36	911
15	385
20	502
36	910
14	361
19	498
20	500
30	758
20	502
26	662
8	210
20	501
20	500
20	500
36	908
7	185
20	503
20	500
19	498
19	498
19	497
30	763
17	436
9	236
19	497
25	636
8	211
18	460
19	498
29	734
7	183
19	492
19	498
20	512
20	500
19	498
10	260
19	496
19	498
19	497
19	483
20	500
23	585
19	489
20	500
19	486
7	185
20	500
20	500
20	500
19	498
31	784
29	735
20	500
25	635
19	497
11	285
20	501
31	785
4	109
19	498
21	535
8	210
24	610
20	501
19	496
19	498
24	609
7	186
25	635
6	160
34	858
16	410
19	498
25	636
14	359
19	497
20	501
36	910
14	360
20	500
28	710
7	187
19	498
19	498
19	498
26	659
17	435
20	500
19	498
8	210
19	498
15	385
20	500
20	500
20	500
19	498
31	786
13	335
20	500
20	500
34	861
22	560
19	495
19	496
19	495
14	360
20	500
20	501
19	498
18	461
6	160
19	495
19	498
29	735
16	410
19	498
33	835
12	313
34	860
18	462
20	500
15	385
19	497
27	686
19	498
31	785
23	585
19	498
19	496
35	884
7	187
20	501
19	497
20	512
4	110
19	497
32	810
7	186
20	501
11	284
19	496
19	497
35	885
27	687
6	160
19	498
33	834
20	503
16	409
29	732
10	260
4	110
19	498
32	810
6	162
20	502
20	514
20	502
20	500
36	909
12	311
29	733
19	497
19	498
33	836
4	110
19	497
20	500
20	500
32	810
28	709
19	498
20	500
20	500
28	709
20	500
20	502
29	738
19	498
19	497
19	498
20	500
24	611
19	498
33	835
17	435
20	503
20	501
19	498
19	485
5	133
19	498
20	501
17	437
19	495
19	498
16	411
19	498
11	286
20	501
20	500
19	497
25	635
19	496
19	495
20	510
20	500
20	502
20	502
36	909
26	659
20	502
25	635
10	260
20	500
25	635
13	337
16	410
34	859
21	534
19	496
31	785
7	187
19	498
19	497
19	485
17	435
20	502
20	501
13	335
10	260
20	501
20	501
20	501
26	661
15	386
17	434
5	135
20	501
30	760
20	501
15	385
20	500
26	661
19	498
19	496
19	495
13	336
20	500
20	501
26	660
19	495
19	498
16	409
9	236
29	735
6	161
19	498
20	501
19	498
27	684
10	262
19	496
20	501
33	835
15	386
19	485
19	491
19	496
28	707
19	498
4	109
20	501
19	498
19	498
30	759
27	685
19	497
24	608
9	235
6	159
11	284
8	211
20	500
19	496
36	909
6	160
20	500
9	235
19	497
22	560
17	436
14	361
19	497
20	501
20	502
19	498
36	910
17	435
20	500
20	502
20	501
26	660
20	500
19	498
15	385
19	495
19	497
31	784
8	209
20	501
20	500
23	585
19	496
16	410
30	761
36	911
30	760
31	785
15	384
20	500
20	500
32	810
36	911
4	109
19	498
17	438
36	910
19	485
20	500
20	500
20	508
20	501
24	610
4	111
20	508
20	500
20	500
26	661
20	500
19	496
12	309
19	497
34	860
5	135
20	501
15	385
36	910
21	535
20	501
22	559
20	501
31	785
16	409
19	497
11	285
20	500
19	498
17	435
10	262
19	497
19	497
30	761
11	284
19	496
19	494
15	386
20	500
20	501
19	496
20	501
36	911
8	210
20	500
25	634
20	500
22	560
15	386
20	500
20	500
23	586
19	496
28	710
20	510
19	497
26	660
20	500
30	760
20	501
20	500
20	501
27	688
20	500
25	635
19	498
20	500
20	513
15	385
19	498
27	686
18	459
19	498
22	558
19	496
20	500
30	760
7	187
19	498
36	910
26	658
32	810
21	535
20	500
29	736
21	537
26	660
11	285
13	335
5	135
19	498
35	885
14	360
27	685
5	135
20	503
20	500
20	500
21	534
13	335
19	496
20	501
33	835
19	498
8	210
19	498
20	501
20	501
16	408
19	497
19	496
23	586
6	162
19	497
19	498
27	685
15	386
20	501
20	501
22	559
20	502
20	501
33	835
12	309
20	500
31	785
6	158
31	787
13	335
19	495
20	509
20	501
19	498
19	498
26	661
10	258
6	160
20	501
18	459
20	500
20	500
27	685
16	410
20	500
10	260
20	503
20	500
19	498
20	509
19	497
20	501
24	609
20	500
20	500
34	862
24	610
4	109
20	501
19	499
27	687
36	912
24	610
19	494
19	498
35	886
22	560
4	109
23	586
26	661
7	184
19	496
20	500
19	498
30	760
5	135
19	496
19	497
24	610
30	760
7	185
29	734
19	498
19	498
16	411
7	185
19	498
20	507
19	495
8	210
20	500
30	760
19	497
33	832
11	286
19	498
20	500
34	860
16	411
19	498
33	835
9	237
7	185
19	498
19	498
19	498
24	610
10	260
19	497
19	498
20	500
19	497
29	735
13	335
20	500
20	501
34	860
7	185
20	500
22	561
11	285
36	910
10	261
20	501
17	435
14	359
6	160
20	501
25	635
6	159
19	498
16	410
20	500
10	262
34	860
25	635
20	502
20	501
24	611
7	187
20	500
30	760
8	210
19	497
19	498
28	711
8	209
20	500
19	496
19	496
13	335
19	498
19	498
34	862
19	496
30	761
17	435
5	134
19	497
20	500
13	335
30	760
20	501
35	885
6	161
19	497
20	499
19	498
22	562
19	498
20	510
11	286
20	500
35	885
12	311
26	660
24	610
20	501
20	501
19	497
20	501
20	509
20	501
20	501
22	561
15	385
19	498
19	497
19	485
20	500
20	503
26	660
12	310
31	786
20	509
15	384
6	160
20	511
19	497
19	496
33	838
20	501
20	500
32	811
14	362
11	285
32	810
9	236
20	500
15	386
19	497
26	663
23	585
4	109
20	500
20	500
15	387
20	500
29	736
4	109
19	498
19	495
20	511
25	635
5	135
35	883
6	160
5	135
20	500
30	760
19	485
19	491
20	503
20	502
17	437
20	500
17	435
33	835
19	484
19	497
19	484
34	859
17	436
20	501
20	500
32	810
25	637
7	184
19	497
19	498
21	535
10	260
19	498
20	501
19	497
19	486
17	435
21	533
20	500
19	498
19	495
19	498
20	508
20	500
19	496
19	495
35	885
21	535
19	496
19	497
18	459
20	500
20	500
32	810
18	461
19	498
19	498
29	735
16	411
19	497
17	435
19	498
23	583
20	500
12	311
7	186
10	262
4	113
19	497
9	235
19	498
20	501
20	501
20	505
20	500
21	534
6	162
19	498
20	501
31	784
19	483
20	500
17	434
11	285
19	496
20	500
20	501
35	883
25	635
13	335
20	500
17	436
20	501
36	910
24	610
14	360
19	496
19	496
26	661
16	410
19	498
20	501
35	884
20	500
19	497
32	808
21	535
19	498
19	498
20	500
19	497
17	434
20	501
19	498
34	861
5	134
20	500
19	498
33	835
12	309
19	498
19	498
12	310
20	500
16	408
20	500
15	385
8	213
35	886
7	185
20	501
22	560
7	187
29	736
14	360
19	498
20	501
20	501
34	860
29	735
8	210
20	502
19	498
28	710
20	500
20	501
20	502
21	537
20	500
23	584
22	560
19	496
21	534
19	496
19	495
24	614
17	435
20	500
19	498
19	495
22	560
20	501
20	500
19	485
19	495
20	500
20	501
19	497
30	760
20	500
19	498
29	735
16	409
20	500
35	885
10	260
31	786
20	500
19	498
29	736
31	785
20	509
19	498
19	497
19	498
23	585
14	362
6	162
8	210
4	110
19	498
20	501
20	500
19	498
26	659
29	735
10	260
19	498
5	136
11	288
19	497
26	659
22	561
19	497
36	913
9	236
35	885
7	184
20	500
27	684
7	185
19	498
19	496
10	260
20	500
7	185
19	498
19	497
13	333
19	494
20	500
18	459
10	259
19	496
19	497
31	783
17	436
20	500
20	501
34	860
5	134
19	498
29	736
19	497
20	501
20	500
20	501
16	409
20	500
19	495
15	385
20	500
20	501
12	312
9	235
20	502
19	498
20	500
28	709
19	497
27	686
6	159
20	500
20	501
23	585
20	500
16	410
20	501
16	409
20	502
19	497
14	360
19	498
36	909
18	460
19	498
19	496
29	736
11	285
20	500
20	500
28	708
8	208
28	710
20	502
20	500
19	485
4	110
24	612
14	358
19	498
19	497
26	660
8	210
17	435
7	185
19	499
31	785
19	496
18	460
19	496
19	496
18	461
9	235
20	500
20	500
19	496
16	411
16	410
8	210
28	711
10	259
19	496
20	501
18	461
20	500
20	500
18	460
12	309
13	335
20	500
20	501
20	500
18	460
20	501
32	810
27	685
31	784
9	234
20	500
20	501
19	498
19	498
32	808
14	360
19	495
19	498
23	586
17	433
20	501
20	500
20	502
13	335
8	210
34	863
10	261
19	496
19	498
15	386
13	335
20	500
20	499
19	498
26	659
9	235
20	505
20	500
19	498
32	810
21	535
19	485
20	500
19	497
33	836
23	584
13	337
20	501
20	501
21	535
13	335
19	496
32	810
24	609
19	497
19	492
19	497
19	485
19	497
20	500
29	734
10	259
19	497
20	501
27	687
4	112
19	497
25	635
20	500
19	496
19	498
16	409
19	496
19	498
25	635
20	501
33	835
12	309
6	159
20	499
19	497
35	886
14	358
20	500
19	498
22	560
20	501
34	860
10	262
20	500
21	534
19	498
20	500
29	735
15	384
19	497
20	500
28	711
20	501
20	500
32	810
19	498
19	496
23	585
19	495
19	497
27	685
4	110
20	500
20	501
33	838
21	535
20	500
20	501
36	911
11	284
19	498
20	500
20	500
29	736
19	498
19	495
19	498
19	495
29	735
18	460
8	210
20	501
19	498
29	735
9	235
14	361
33	835
30	762
6	160
35	884
16	410
25	634
11	286
30	761
6	160
25	634
12	311
32	811
12	310
19	496
19	498
25	635
19	485
19	498
19	496
25	635
20	501
24	610
19	497
19	498
22	560
14	360
19	495
19	498
34	861
6	161
20	501
20	500
23	585
15	385
20	502
20	500
22	559
20	501
19	482
8	210
20	501
20	500
22	558
20	500
19	498
34	860
21	535
20	500
19	497
30	760
10	259
8	209
19	498
19	497
20	500
19	497
19	495
30	760
9	236
20	500
27	686
16	410
19	495
20	501
15	385
5	135
19	497
19	498
20	501
35	886
23	585
14	360
30	761
6	159
19	498
20	500
15	385
19	495
19	496
33	835
19	493
19	496
19	496
18	460
9	235
35	883
14	361
20	502
20	501
19	496
19	486
9	237
19	496
15	385
9	236
20	500
27	685
17	435
19	496
29	735
20	501
23	584
10	260
20	501
25	635
12	309
19	495
13	335
36	911
8	210
19	497
19	498
19	498
21	533
9	235
20	500
27	685
19	497
19	498
18	458
19	496
27	684
21	533
19	498
27	685
13	335
20	500
20	500
26	660
19	496
34	860
19	484
20	500
26	659
11	285
31	786
5	134
25	635
16	410
19	495
19	498
19	484
33	836
20	501
19	498
19	498
19	496
35	884
11	285
20	500
19	498
19	498
17	436
15	385
20	500
34	860
6	159
20	501
20	501
14	362
19	497
19	497
19	498
22	560
19	497
19	498
35	885
27	685
23	585
17	436
20	500
20	500
20	500
24	610
10	260
36	910
33	835
20	500
19	498
20	500
20	501
19	499
8	210
19	498
19	497
19	496
28	710
14	360
20	500
20	500
31	785
19	498
19	496
4	110
19	498
19	498
34	860
12	308
20	508
19	498
28	710
19	486
19	498
19	497
20	500
16	410
12	310
20	500
30	760
20	500
32	808
8	210
20	501
30	760
20	500
24	607
8	209
20	500
20	500
20	501
20	500
30	758
20	500
20	500
29	735
19	498
30	761
22	560
33	835
23	585
19	495
19	498
18	460
20	502
26	660
14	361
19	498
29	735
9	236
19	498
19	496
19	497
7	183
19	498
32	810
4	109
20	500
25	635
11	284
19	498
20	500
22	559
8	210
20	501
25	636
9	233
12	309
19	497
20	501
19	496
28	708
20	500
29	735
19	497
31	783
6	160
19	497
20	501
33	834
36	910
16	412
20	500
19	497
19	496
34	860
11	285
19	485
20	500
20	501
15	385
20	502
20	502
35	885
16	410
19	497
24	610
11	287
20	500
20	501
10	259
6	160
19	498
19	496
19	498
36	909
11	283
19	498
19	496
19	498
13	337
19	496
4	110
20	500
22	560
8	207
30	760
28	709
20	500
20	502
20	501
15	386
13	336
19	498
14	358
20	500
20	500
32	810
5	135
20	501
19	498
27	685
20	500
35	884
15	386
19	498
28	711
20	501
19	498
23	585
19	498
19	497
19	498
20	511
20	500
35	884
20	500
19	498
35	887
16	411
20	500
20	500
19	494
35	885
6	160
20	502
23	585
26	660
24	609
10	261
19	496
32	814
9	235
32	809
13	335
27	687
19	496
19	497
20	500
20	501
25	636
14	359
20	501
20	501
20	500
25	635
8	210
19	497
19	496
20	511
9	233
34	860
17	434
19	497
35	885
24	611
19	497
20	501
31	785
13	337
20	502
36	911
15	385
20	501
28	710
20	500
23	585
20	500
19	497
19	497
19	498
20	501
22	560
20	501
20	501
10	260
20	501
20	501
20	501
21	535
6	160
20	500
20	500
20	500
20	500
23	584
9	234
36	909
10	262
19	498
19	498
26	660
17	432
19	497
10	261
19	497
12	312
5	137
23	584
36	910
19	497
19	498
21	534
19	498
19	495
22	559
5	135
20	500
20	502
9	237
28	710
19	497
8	211
19	498
19	496
29	735
26	660
20	500
6	160
20	500
19	497
16	410
9	235
19	498
18	460
12	310
16	410
20	500
32	811
16	410
4	110
19	498
33	835
20	500
32	810
20	500
33	835
20	509
31	785
25	635
20	500
20	501
36	910
30	760
20	502
34	858
11	285
19	498
9	236
19	498
19	496
13	337
19	497
35	886
14	360
11	287
20	501
19	496
15	386
10	259
20	501
29	735
7	185
19	498
23	585
7	187
20	512
27	687
20	502
19	497
14	361
19	496
19	498
26	659
4	111
20	500
20	500
19	497
21	535
20	500
20	500
19	497
22	559
20	500
16	410
20	501
19	497
30	759
7	183
19	498
19	498
34	861
20	500
13	335
19	497
19	497
14	359
20	501
35	886
23	584
29	736
14	359
20	500
20	500
7	185
20	500
20	510
4	110
20	501
20	500
19	486
20	501
20	502
20	501
20	510
20	500
19	497
23	587
16	410
20	502
29	735
22	562
19	497
20	500
24	609
19	497
22	559
4	110
19	495
20	501
20	502
17	436
9	234
20	501
11	283
19	496
20	500
20	500
31	785
19	496
19	498
31	785
13	334
19	497
19	497
27	686
5	135
32	810
16	411
19	497
20	509
19	497
19	498
23	584
19	498
19	495
31	785
18	460
20	503
20	501
36	911
20	507
20	512
8	210
17	435
7	184
19	497
20	503
31	785
19	498
36	909
20	501
19	496
19	496
28	708
17	435
20	500
20	500
19	497
19	498
24	610
14	361
22	560
20	501
27	685
14	360
19	498
15	386
19	498
19	498
11	285
20	500
21	534
5	136
20	501
25	636
5	134
20	500
28	710
20	501
35	886
30	760
20	500
20	501
20	502
30	762
20	511
35	885
19	497
19	497
18	461
20	501
19	497
33	834
9	236
20	501
19	496
18	458
19	497
32	809
6	158
20	500
20	500
21	535
19	498
19	497
32	812
23	585
20	500
32	811
13	334
20	500
24	610
4	110
20	500
33	835
12	310
5	135
19	498
26	660
5	135
19	497
16	410
20	501
36	910
4	111
20	501
31	787
20	501
34	858
8	209
22	560
16	410
20	500
19	498
19	498
28	711
5	136
19	498
24	610
11	285
20	501
30	761
19	498
19	498
20	501
20	500
36	911
24	612
20	500
20	500
20	501
19	498
11	288
31	787
8	209
20	500
33	834
6	163
20	500
20	500
20	500
35	885
26	658
20	501
26	660
12	311
20	504
20	503
19	497
35	885
31	786
8	210
20	503
20	500
28	710
16	410
20	501
20	501
11	283
19	495
25	635
23	585
18	460
20	507
20	504
20	501
27	683
17	436
20	501
33	834
9	236
20	500
34	860
29	733
19	498
34	861
6	158
20	500
34	860
16	410
20	500
20	502
24	610
20	509
22	561
19	496
19	498
36	909
34	862
5	135
22	562
7	185
20	500
29	734
12	310
20	500
31	785
10	260
20	500
36	910
14	361
6	160
19	498
32	810
18	460
20	500
20	500
33	837
13	335
19	498
19	496
19	498
23	585
20	500
20	500
20	509
10	258
20	501
7	182
35	884
18	458
19	496
19	497
22	561
17	435
20	501
21	536
20	501
20	499
19	497
26	659
8	210
25	634
20	500
20	502
31	785
19	495
28	710
22	559
18	461
19	498
20	501
19	496
19	498
18	460
20	500
19	498
20	500
34	859
20	500
20	501
20	512
10	260
20	501
19	485
19	497
19	497
19	496
20	501
20	510
14	363
20	503
20	502
35	888
20	510
19	496
13	337
4	111
19	498
20	500
14	360
19	498
19	498
15	386
20	501
10	263
19	496
33	837
13	338
19	498
19	498
20	500
20	501
19	497
20	501
19	496
24	608
10	260
19	498
24	611
14	362
20	500
20	501
20	500
19	498
20	500
33	836
12	312
19	497
24	610
9	236
34	860
21	534
20	502
19	498
19	495
29	735
19	497
19	497
35	885
15	385
8	210
19	497
19	497
20	510
30	760
22	562
19	495
21	533
19	498
20	501
20	501
27	684
19	497
22	560
19	496
19	495
17	433
9	237
20	500
5	132
20	501
24	609
5	136
19	498
20	500
19	498
19	498
22	560
4	110
23	586
19	497
36	910
10	261
4	110
20	501
19	498
20	500
19	496
34	860
13	335
19	496
12	311
19	496
31	784
19	496
29	736
10	260
19	498
20	500
20	502
28	710
14	361
20	500
20	500
19	498
20	510
4	110
20	501
20	500
23	585
20	500
20	500
29	736
19	484
19	496
20	500
32	810
23	584
19	497
19	496
14	361
20	500
20	501
34	861
23	584
20	500
31	785
12	310
19	498
20	501
18	459
23	585
15	385
20	500
20	502
32	812
7	185
19	498
35	884
6	160
24	612
19	498
20	500
19	498
28	711
19	485
19	498
19	496
19	496
22	558
20	500
20	501
20	500
29	739
14	360
20	503
31	785
15	384
20	500
34	860
20	501
20	500
33	835
12	311
34	862
19	496
36	910
22	561
7	186
21	535
20	500
19	499
35	885
8	208
19	498
35	884
23	585
19	498
19	498
32	810
19	498
20	500
25	635
8	211
19	497
19	497
22	560
18	461
21	535
20	501
19	497
22	560
20	500
5	135
20	500
20	500
22	561
11	284
20	500
19	496
19	496
27	684
7	185
20	500
19	497
15	385
5	135
19	498
19	498
31	788
5	135
19	496
20	501
5	135
34	860
13	335
20	500
20	500
15	386
19	498
26	662
20	509
22	560
19	496
19	496
30	760
19	498
20	501
18	460
7	187
20	500
20	500
31	785
7	184
28	712
18	459
30	760
8	210
19	498
20	501
20	501
26	662
15	388
20	502
19	497
19	496
23	585
32	808
16	412
20	501
19	498
20	509
11	286
19	498
19	496
13	333
19	498
24	610
19	498
22	561
19	498
20	501
16	410
19	498
19	496
19	496
19	496
27	684
20	500
20	501
20	500
18	460
19	496
19	485
12	312
19	496
19	496
33	835
20	512
29	735
19	498
20	500
33	836
5	135
27	687
19	486
20	501
36	909
19	484
34	862
10	260
20	500
20	500
34	860
11	287
19	497
36	910
5	134
20	499
28	710
9	238
20	500
20	500
20	500
19	496
17	436
20	501
14	361
20	500
19	498
19	498
28	713
19	498
19	497
18	461
20	500
16	410
20	501
20	500
29	735
20	501
15	385
5	134
20	501
19	498
21	533
5	133
24	613
16	411
19	498
30	759
10	263
36	909
12	309
20	500
33	835
4	108
19	498
28	710
11	286
20	501
26	659
16	410
20	501
12	310
19	497
14	359
19	498
20	509
20	500
20	501
20	504
20	501
20	501
20	500
20	501
19	498
19	498
19	496
20	511
20	501
35	885
32	810
19	485
23	585
19	497
36	910
12	310
20	500
20	500
19	498
18	460
11	285
20	500
5	135
19	497
13	333
30	762
15	385
19	496
19	498
28	709
15	386
14	362
20	500
21	534
20	501
31	785
20	502
19	496
19	498
33	835
29	735
9	235
20	501
21	534
5	135
19	496
19	496
19	497
27	685
20	500
19	498
20	500
25	635
6	160
19	498
26	659
20	500
20	503
30	760
26	660
20	500
20	500
35	885
7	186
19	496
7	185
20	500
20	502
7	185
26	661
19	484
20	501
20	500
6	161
19	495
14	361
6	158
19	497
21	535
10	260
19	498
33	837
6	160
20	501
20	500
20	501
16	410
33	838
9	236
20	501
20	500
19	498
28	710
19	494
36	909
16	410
5	135
19	496
20	500
30	760
31	786
10	260
19	495
19	496
17	437
4	110
19	498
19	496
28	710
4	111
35	887
20	500
19	498
33	835
20	500
11	284
20	500
25	637
11	286
19	497
27	686
9	235
20	500
20	502
20	500
20	501
12	312
19	497
33	835
19	497
19	496
27	685
19	496
32	810
20	501
20	503
36	910
19	485
20	501
20	500
19	482
20	501
10	262
20	500
19	498
19	497
28	711
20	500
19	498
19	498
34	859
8	211
20	501
20	500
19	498
21	535
19	498
19	498
26	660
12	309
19	498
19	489
35	883
27	684
8	212
20	500
20	501
16	411
19	495
19	495
36	910
22	561
7	186
29	734
12	310
22	561
19	495
19	497
27	685
10	260
19	498
20	500
30	758
10	261
19	497
19	498
16	408
19	497
12	310
19	495
19	496
24	610
14	360
32	813
9	235
22	559
10	261
19	496
12	313
19	494
19	496
20	500
19	498
19	496
35	885
20	500
20	504
20	503
27	684
30	760
25	635
22	560
5	135
19	496
20	510
9	237
19	496
32	810
15	385
20	503
32	808
6	160
20	501
20	510
8	210
19	495
19	498
24	611
4	110
19	498
20	502
19	485
8	210
24	610
19	496
21	533
20	500
20	501
30	759
19	483
20	500
20	500
20	500
20	500
9	235
20	501
19	498
17	436
20	500
20	500
25	635
4	109
20	502
30	760
9	236
20	500
19	496
13	337
19	498
34	860
21	535
19	497
20	499
20	499
20	499
19	498
20	501
17	435
20	501
20	510
19	495
19	496
27	685
8	210
19	497
32	812
19	498
32	810
20	500
20	502
35	885
17	435
20	500
19	498
19	498
27	685
25	635
18	460
7	185
20	504
25	637
11	284
20	500
25	637
16	410
20	502
17	437
13	335
20	501
20	500
10	260
20	500
21	535
20	502
33	837
27	684
10	260
20	501
36	910
17	438
32	809
15	386
20	501
20	500
26	660
33	835
15	384
20	500
8	209
20	499
19	497
15	386
9	235
14	360
19	497
18	460
20	501
28	712
9	235
19	498
19	498
25	633
4	112
20	500
24	610
20	502
20	500
20	512
16	410
19	496
30	760
6	160
20	500
32	809
4	110
16	410
9	234
19	497
20	500
18	460
19	495
21	535
8	210
31	784
16	412
20	501
19	494
19	486
4	110
19	498
20	500
9	235
20	500
20	509
20	500
12	311
19	498
31	786
18	460
20	500
19	497
33	835
13	334
20	500
34	860
5	134
19	498
19	496
17	437
19	497
19	498
22	558
19	498
16	410
19	498
21	533
20	503
20	501
34	862
7	184
19	497
35	885
7	187
20	501
31	786
10	260
25	634
4	113
19	496
20	501
20	500
19	498
24	612
17	435
20	502
26	660
11	285
19	498
29	732
20	501
28	710
20	501
23	585
6	160
19	495
19	497
30	760
10	260
32	811
20	500
20	500
15	387
25	635
19	498
25	636
19	498
20	500
30	760
22	560
20	500
19	497
19	495
35	884
22	561
20	500
20	502
29	736
20	502
20	501
12	311
19	498
30	760
27	684
6	160
19	497
21	535
20	500
29	738
18	462
20	501
29	735
33	835
18	460
20	510
6	161
20	511
15	385
14	359
19	498
25	635
19	497
19	497
34	860
32	811
28	709
10	260
19	497
19	498
34	860
17	432
20	500
33	834
12	310
19	498
24	610
18	462
20	507
20	504
20	501
26	660
19	498
19	497
23	585
19	498
19	485
20	501
19	498
20	501
24	610
11	285
28	710
12	310
19	498
19	497
12	310
11	287
19	498
20	501
20	500
19	496
35	885
17	435
19	498
20	500
34	859
29	734
19	498
21	533
27	687
14	360
19	496
28	710
6	160
22	561
20	501
15	385
27	683
6	161
19	496
30	760
20	500
28	711
10	261
20	500
19	498
19	494
30	760
9	234
19	497
31	785
7	184
20	501
30	758
32	810
9	235
26	660
13	338
20	500
20	500
34	862
26	662
5	138
20	500
20	500
20	500
28	709
20	501
36	910
26	657
20	501
9	235
20	501
20	501
19	498
13	335
19	496
23	582
19	497
19	495
29	736
20	500
26	660
20	502
25	635
19	498
19	498
26	660
9	232
5	135
20	501
32	810
15	385
10	260
20	500
20	501
16	411
20	500
20	510
20	500
19	498
28	710
20	500
19	498
26	662
14	359
20	500
20	502
36	909
7	186
20	500
19	497
23	583
19	496
20	500
15	386
20	501
30	760
18	461
19	498
20	502
20	501
20	500
23	585
20	501
20	500
27	687
4	110
24	611
8	210
20	500
33	835
7	186
20	510
20	501
26	660
19	498
20	501
12	311
4	107
20	500
20	500
25	635
19	498
20	500
19	498
19	497
35	886
25	635
8	210
20	503
20	501
18	460
20	501
10	260
20	501
20	500
35	886
30	760
8	210
20	501
20	502
36	911
20	502
29	736
7	185
22	561
25	638
20	500
19	495
19	494
21	535
19	498
19	497
28	711
14	361
20	501
20	500
20	500
26	660
22	562
20	500
19	498
26	661
10	260
29	735
7	184
19	497
20	500
32	810
15	386
20	500
19	498
20	501
33	835
13	335
20	502
33	835
7	186
20	501
20	511
20	500
19	498
20	500
36	910
25	633
19	497
36	910
26	660
19	498
22	559
20	502
19	495
14	359
19	498
27	687
20	511
20	501
19	496
19	497
24	609
14	360
20	501
20	501
20	502
28	711
12	311
19	496
19	497
20	509
19	494
19	496
18	460
19	498
13	336
20	501
14	357
20	501
19	497
19	495
29	735
16	411
19	497
29	734
29	736
7	185
20	500
11	285
19	496
27	685
7	184
20	501
36	910
8	210
20	501
17	435
19	496
20	504
20	500
20	501
11	285
28	711
18	459
19	496
34	863
30	760
11	285
20	501
35	885
20	500
20	501
20	501
25	635
16	410
19	498
19	497
19	497
36	909
25	635
36	910
16	409
4	110
20	500
20	500
19	498
34	861
29	735
20	500
20	500
19	498
22	562
19	496
34	859
13	334
7	185
34	859
8	211
19	498
17	435
10	261
20	513
9	234
19	497
20	500
19	498
30	760
7	185
20	500
33	836
8	210
20	501
30	760
10	260
12	313
20	502
20	500
36	910
15	388
19	496
19	498
20	511
5	135
33	834
19	498
19	498
13	336
20	501
10	261
19	495
21	535
17	432
35	886
10	260
28	711
19	495
19	494
14	362
19	498
19	496
33	835
12	311
20	501
33	835
14	360
19	497
33	835
13	334
20	500
19	498
13	335
4	110
19	498
25	636
20	500
20	502
13	335
20	500
20	500
14	360
30	762
19	498
20	501
34	859
19	498
15	388
20	510
34	860
14	360
20	500
19	498
20	500
20	500
19	498
34	859
17	436
20	500
20	500
19	498
19	497
35	885
20	511
20	501
32	808
34	858
10	260
33	836
20	512
20	500
20	500
20	500
14	358
19	498
17	435
20	501
20	501
19	497
31	784
17	435
19	498
20	501
23	584
19	498
19	496
31	786
19	497
19	498
17	434
19	496
29	734
13	336
19	497
20	501
25	635
32	809
19	497
20	501
20	502
29	734
7	185
19	496
15	387
20	500
19	496
20	501
32	809
15	384
6	160
20	501
20	500
26	660
19	496
19	497
29	737
23	584
20	501
20	500
19	497
24	609
20	510
20	501
20	500
22	561
7	185
20	502
20	502
23	587
14	361
20	501
19	498
20	501
20	501
20	510
19	497
22	560
5	136
19	495
33	834
12	310
19	498
14	359
20	500
20	500
26	660
14	361
4	110
20	501
20	503
22	559
19	495
27	685
15	386
19	498
17	436
18	461
5	134
11	285
19	497
19	498
20	501
27	685
21	535
20	500
36	910
13	335
22	560
19	485
20	498
21	534
6	161
19	498
28	712
9	234
20	500
19	497
19	498
26	660
4	111
20	500
10	258
19	498
20	500
20	510
8	209
19	498
31	784
5	135
29	735
5	133
20	501
20	500
22	560
20	501
20	501
19	498
7	184
20	502
20	501
28	709
19	497
34	860
16	411
27	685
21	534
19	498
35	885
24	611
19	498
19	498
19	496
34	861
13	335
23	585
11	285
15	385
14	362
20	500
23	586
25	637
6	161
22	560
11	284
19	497
19	497
27	685
18	460
20	501
26	663
11	284
20	500
19	498
24	609
20	500
20	500
19	497
11	285
20	500
20	500
29	735
9	236
20	500
21	535
20	500
19	498
4	110
36	910
33	835
20	500
25	636
20	500
20	500
19	498
33	834
28	709
19	498
32	807
19	498
20	500
24	612
23	583
35	885
15	384
19	497
20	501
22	558
28	711
10	260
19	498
19	485
20	500
33	834
26	661
20	511
20	501
32	810
7	184
20	501
19	496
19	497
13	335
20	502
20	501
19	497
26	660
22	560
20	502
19	496
25	635
14	360
20	500
21	535
5	138
20	500
25	632
6	160
23	585
12	310
19	497
19	498
20	500
28	709
23	585
20	500
18	461
20	502
15	386
20	500
31	787
16	411
19	498
20	500
18	458
29	734
25	636
30	760
19	485
19	496
12	310
20	500
20	503
17	435
19	498
31	786
14	358
27	684
13	335
20	500
19	494
19	485
20	501
20	500
26	660
20	501
20	502
20	500
30	761
16	413
19	497
14	361
19	498
20	500
25	632
5	134
19	496
20	500
20	500
19	498
20	500
19	485
20	501
19	498
23	583
20	501
19	498
21	534
19	497
19	496
16	409
19	496
19	498
19	498
33	836
20	502
28	711
19	485
19	497
30	760
8	209
7	185
19	496
19	497
30	761
5	134
25	635
24	610
20	500
9	237
19	497
34	861
20	500
20	501
20	500
15	385
20	503
19	496
19	495
19	498
19	485
20	500
20	500
25	633
10	259
20	501
26	657
20	500
20	500
6	160
20	500
20	501
19	496
31	784
11	284
19	498
19	498
16	410
19	496
33	835
14	360
20	501
19	498
31	785
6	160
19	498
19	498
10	261
20	500
20	501
29	735
6	161
20	501
20	500
24	611
4	111
19	498
24	610
34	859
21	536
20	500
34	861
30	761
4	109
20	500
20	500
4	109
19	497
23	584
22	560
20	500
20	510
19	498
20	500
33	836
23	585
20	501
35	888
13	335
20	500
19	498
19	498
17	437
20	500
35	885
20	501
19	498
25	636
28	710
10	262
19	498
14	361
18	460
7	184
15	386
33	835
9	236
19	498
22	559
10	262
34	860
29	735
9	235
36	907
14	359
7	185
21	535
20	510
20	500
20	500
34	862
5	135
19	498
27	685
19	495
19	498
20	500
21	535
19	497
20	500
24	610
19	498
19	498
19	496
29	735
20	501
33	833
12	311
19	498
20	500
12	309
20	500
19	497
36	910
14	359
19	497
19	497
21	534
15	386
20	501
36	910
15	385
20	501
20	503
28	710
8	211
20	500
20	512
20	512
19	496
23	586
6	161
19	498
19	497
19	498
18	460
23	586
19	498
33	835
17	435
19	497
26	661
7	184
20	501
20	500
26	660
5	135
20	500
19	495
19	496
30	758
20	500
28	709
19	498
19	498
34	862
27	685
19	497
19	497
19	498
17	435
19	497
21	535
19	498
19	498
20	500
26	660
10	260
20	500
9	235
20	502
20	500
18	458
13	335
19	496
19	498
33	834
20	501
20	501
27	685
4	112
19	496
19	496
19	492
31	785
14	361
20	500
30	761
20	500
20	500
10	259
19	496
20	501
20	501
22	560
9	235
20	501
20	500
23	585
20	501
20	508
6	160
19	498
19	497
26	660
13	336
19	498
19	498
20	500
15	385
19	497
19	497
25	636
5	134
20	500
28	708
12	312
19	498
32	808
29	732
20	500
4	108
14	359
19	498
20	500
19	498
26	660
30	762
18	460
4	110
19	496
32	808
19	498
16	413
20	500
19	498
32	812
18	460
20	500
20	500
20	500
19	498
34	862
12	308
20	500
20	501
20	501
14	361
25	633
5	134
19	497
22	560
14	359
19	497
19	496
24	610
20	500
19	498
36	910
24	610
19	498
20	500
19	498
31	785
18	458
15	385
9	236
20	500
15	384
20	502
20	501
35	885
31	786
14	358
36	912
12	310
19	498
20	500
9	235
11	285
20	500
19	498
15	385
19	498
19	498
24	611
5	137
20	502
20	500
20	500
26	660
20	500
19	496
17	436
32	810
13	337
20	500
20	501
32	810
6	160
20	503
28	709
17	435
36	912
5	136
20	500
30	760
6	159
20	501
20	501
19	485
6	160
19	498
23	584
8	211
19	498
20	501
20	501
18	462
8	210
20	501
22	560
20	500
20	502
26	660
5	138
20	500
34	860
7	184
20	500
23	584
14	360
19	498
25	635
9	235
20	501
30	761
10	260
19	497
19	495
25	637
24	610
19	498
33	836
9	235
20	500
19	498
20	501
19	498
27	685
35	884
5	134
20	500
19	497
19	496
31	785
14	361
19	497
19	495
17	434
19	498
36	909
9	235
19	495
20	500
20	500
20	500
20	501
35	884
17	435
20	501
20	501
19	498
25	635
8	207
24	611
23	584
9	236
20	500
20	500
20	499
23	586
19	495
20	500
25	635
12	312
20	500
14	362
33	835
20	509
20	500
29	735
13	335
20	501
27	685
11	287
20	500
19	497
19	498
19	498
30	757
20	500
36	909
17	435
33	835
21	535
19	497
23	586
20	502
19	497
34	859
19	486
25	636
5	135
20	510
8	210
20	500
32	810
13	336
20	501
19	496
31	786
24	610
19	497
20	501
19	498
31	785
22	559
4	109
30	760
17	436
20	502
30	760
20	500
20	501
6	159
20	501
29	736
11	285
25	634
7	186
19	498
20	500
19	497
19	499
26	660
10	260
26	660
20	501
19	498
20	510
20	500
36	911
20	501
32	810
4	108
36	910
23	586
19	498
34	860
29	735
19	498
27	687
7	183
19	494
20	501
18	463
10	261
20	500
34	860
14	360
19	498
19	498
19	498
31	785
17	434
19	496
26	662
10	261
19	496
35	882
20	509
20	501
20	500
31	785
26	660
20	500
27	684
19	498
19	496
32	809
19	498
29	736
18	459
21	534
19	497
24	611
4	110
20	501
19	498
20	511
17	433
20	500
19	498
20	500
20	501
24	612
4	110
20	501
33	834
6	162
19	497
19	498
22	560
20	500
36	910
19	498
19	498
29	734
17	435
19	498
29	735
7	187
20	500
18	460
20	501
19	497
30	760
19	496
19	497
20	500
27	685
19	485
35	885
19	498
9	237
19	495
20	500
20	501
32	807
26	659
20	500
17	436
31	782
19	497
20	501
36	910
14	360
19	498
35	886
15	385
8	210
19	485
19	498
36	910
19	483
20	501
20	502
20	511
19	494
35	883
19	485
20	502
20	503
14	362
7	184
20	500
28	708
19	497
19	496
20	502
20	500
18	460
10	260
19	498
16	410
23	587
20	500
24	609
7	186
29	735
10	260
28	710
4	112
20	500
20	500
34	861
19	497
19	498
32	811
10	260
20	500
26	660
19	497
20	500
19	498
34	860
14	361
20	500
20	500
20	500
10	260
20	500
36	910
13	337
29	735
28	710
7	185
19	496
19	497
26	661
19	497
32	809
13	335
20	500
32	809
18	461
19	495
19	498
20	512
20	500
20	500
21	534
4	110
19	498
19	497
20	502
14	360
19	498
20	500
32	811
10	260
19	498
25	636
20	500
19	497
19	497
31	785
6	160
19	498
20	501
17	433
9	235
19	498
19	497
31	784
12	310
20	500
33	834
26	659
20	504
27	686
4	112
20	500
19	497
22	560
20	500
7	184
20	510
28	710
17	436
19	498
18	459
19	497
20	500
25	637
19	496
36	910
11	286
20	500
33	834
21	536
20	501
20	501
20	503
28	710
21	535
5	135
20	500
19	498
29	735
17	438
33	834
31	786
19	498
30	761
20	500
20	500
10	259
19	497
19	498
19	498
29	735
20	500
19	496
29	735
20	500
19	498
19	496
34	860
16	412
20	500
18	459
19	496
30	760
10	260
5	135
19	497
19	496
27	685
15	383
19	498
29	733
6	158
19	497
20	510
19	498
17	435
20	498
19	497
20	501
20	500
20	511
19	496
31	786
8	209
7	184
20	500
20	500
29	736
9	235
20	500
15	386
12	310
20	500
20	510
4	112
20	500
19	498
19	498
20	501
20	501
7	185
29	737
20	501
24	610
15	386
19	499
20	510
19	496
14	360
20	500
20	500
18	460
20	500
19	497
19	485
9	234
19	498
19	496
24	609
4	110
20	501
33	835
13	335
20	501
23	583
6	159
20	500
21	537
10	261
20	501
19	497
29	734
19	498
20	501
11	285
36	910
31	784
14	360
33	835
16	410
7	184
19	497
20	500
20	500
19	485
20	500
21	535
20	501
19	495
32	812
14	360
6	161
20	500
6	160
19	494
28	712
6	160
19	498
20	500
26	659
19	498
33	834
10	263
20	501
17	433
35	884
9	235
20	500
19	498
19	498
36	910
20	500
30	760
31	785
5	135
19	494
12	310
6	158
19	497
19	495
20	503
19	499
14	359
5	135
19	485
10	262
19	497
17	435
20	500
19	498
19	498
25	633
9	235
30	760
13	335
19	496
9	236
20	501
29	733
5	136
19	498
19	497
36	910
5	133
20	500
8	210
19	496
19	498
18	460
4	112
19	496
19	498
28	710
5	134
20	500
19	497
23	585
16	410
19	496
20	500
34	860
20	501
20	501
34	860
15	387
20	502
11	285
4	110
14	360
19	496
19	494
21	535
7	185
31	785
25	635
19	496
19	497
19	497
16	409
20	500
20	500
19	498
19	498
19	496
28	710
13	336
19	498
19	498
28	710
19	497
20	500
20	500
19	485
8	212
20	500
28	708
6	160
20	501
20	500
15	384
19	498
20	502
20	510
19	497
23	586
13	334
27	685
19	498
19	498
22	562
19	498
20	501
18	460
13	333
19	498
20	499
19	498
28	709
23	583
20	500
19	498
19	498
20	503
9	236
20	511
7	185
20	500
19	498
20	500
8	210
20	500
32	809
13	336
19	496
20	501
27	685
17	435
19	497
15	386
19	498
32	810
8	210
19	498
28	709
19	485
20	501
20	501
24	610
12	307
19	498
19	498
25	635
19	496
19	497
35	886
25	636
30	760
19	498
20	501
26	660
6	160
20	501
19	498
18	461
19	485
17	436
19	494
19	497
19	496
36	909
32	809
13	336
19	498
20	500
17	436
19	495
21	537
11	285
27	685
4	109
34	860
9	237
20	500
20	501
20	501
26	660
11	287
20	500
9	234
18	460
20	500
29	735
13	335
20	500
20	500
24	610
19	496
19	498
17	435
19	497
20	500
27	685
6	160
20	500
13	336
28	710
4	110
16	410
20	500
20	500
28	708
20	500
19	498
19	485
8	210
19	498
20	500
35	885
16	411
20	501
22	558
33	835
19	497
15	385
27	684
15	386
19	497
19	497
20	500
20	501
19	499
30	760
18	459
32	808
19	496
19	498
36	910
28	710
8	212
19	486
20	500
19	498
24	611
10	260
14	360
9	235
20	508
20	500
19	497
19	486
35	886
14	361
8	210
19	498
19	498
19	494
23	586
26	661
19	498
20	501
19	496
19	495
13	335
4	110
19	496
20	511
13	335
19	498
31	785
20	500
20	500
20	501
25	635
13	334
19	498
30	761
14	360
19	497
19	498
36	910
28	710
33	836
4	111
20	502
32	809
4	111
20	501
21	535
10	260
22	559
5	135
20	511
20	501
20	500
32	810
9	232
20	503
20	500
19	497
11	285
26	662
11	285
13	334
4	110
20	501
15	385
19	498
20	509
20	500
22	560
19	495
20	501
20	502
19	496
17	434
19	498
20	503
13	335
20	500
20	500
18	460
19	498
19	498
12	311
20	500
27	683
12	312
19	497
18	461
5	135
19	498
20	500
23	585
14	360
19	497
20	508
4	112
30	760
11	285
30	761
20	501
21	536
12	310
20	500
19	497
20	501
20	501
19	498
30	760
14	360
19	498
19	497
10	262
6	159
20	500
22	559
19	497
25	635
9	235
18	458
20	500
20	501
19	496
36	909
22	560
19	498
10	260
19	498
19	496
19	496
30	760
20	500
20	509
19	498
34	861
20	509
19	498
20	511
20	501
22	561
19	498
21	534
7	184
19	496
17	435
9	234
20	500
28	710
8	210
36	910
10	258
20	501
17	435
11	285
10	262
20	501
27	687
17	435
20	500
20	500
19	498
17	435
8	210
19	498
19	496
22	561
6	160
19	498
31	784
22	560
22	560
19	498
19	498
19	498
20	501
20	500
20	500
15	387
6	160
20	500
11	285
19	498
20	501
35	885
21	535
20	500
20	501
4	111
34	859
9	235
19	496
19	495
30	760
15	382
20	502
34	860
19	487
20	501
32	810
4	111
20	501
20	501
13	333
27	685
9	235
19	498
22	560
19	498
20	502
27	686
6	159
19	496
15	385
24	611
20	501
20	500
32	810
10	264
20	500
34	860
19	485
20	500
19	497
28	710
10	260
20	501
20	501
9	235
19	497
14	359
20	501
32	811
15	384
19	498
35	883
18	461
14	360
20	505
20	503
19	497
29	735
20	501
34	861
22	560
22	561
8	210
15	384
20	500
20	500
20	500
13	337
19	498
20	501
20	501
21	536
20	500
36	910
20	510
19	498
35	885
17	435
11	287
20	501
20	500
27	685
19	496
10	260
17	435
4	110
19	497
19	497
19	496
36	909
13	335
19	497
20	500
16	410
20	501
20	501
26	661
18	459
19	495
20	500
29	736
15	386
19	497
7	187
19	497
20	500
7	185
17	435
32	810
12	309
20	500
19	498
19	498
13	333
20	500
20	500
19	496
27	685
7	185
5	135
19	497
26	660
23	585
7	186
19	495
25	635
10	260
19	498
27	685
20	501
19	498
34	861
25	637
19	497
34	861
8	211
21	537
19	497
19	497
22	561
19	498
29	735
6	160
20	501
13	335
20	500
35	884
23	586
19	494
19	496
19	497
36	909
12	310
4	111
19	497
33	834
9	237
21	536
9	235
19	498
20	500
15	386
19	496
19	497
35	885
14	358
19	498
20	501
26	660
18	463
20	501
19	496
20	500
16	412
20	500
29	735
14	362
19	498
19	496
20	500
23	585
5	136
20	501
19	497
20	501
24	608
20	500
20	500
20	500
25	635
20	508
20	500
35	885
6	160
27	685
20	501
20	502
34	861
32	808
8	212
20	501
20	502
20	501
17	435
20	501
35	886
6	158
20	501
9	234
20	500
19	498
19	497
27	685
9	237
20	501
30	759
4	112
19	496
20	500
27	685
16	410
19	498
21	537
21	535
21	533
20	500
26	661
8	212
19	498
19	498
15	385
16	410
19	496
19	498
25	635
14	360
19	496
31	784
7	183
20	500
19	496
19	498
30	759
19	498
20	501
17	436
18	460
20	502
26	660
11	285
20	500
12	310
19	498
19	496
8	210
20	501
19	498
26	660
10	260
23	585
20	500
20	501
20	500
34	858
12	312
20	500
14	362
20	500
29	735
20	503
31	785
19	498
19	498
19	496
35	885
14	360
20	500
19	498
19	497
34	861
13	335
34	860
18	460
19	497
19	498
28	710
25	634
20	501
26	661
8	209
20	501
25	633
16	410
4	109
19	497
20	510
19	501
7	185
19	496
19	495
28	710
10	259
21	538
10	261
19	496
20	502
24	611
19	497
20	500
19	498
26	660
19	497
19	498
25	636
29	735
12	309
19	496
35	885
20	501
19	498
20	500
20	503
21	535
20	500
8	210
4	110
20	500
18	459
19	496
22	560
7	185
19	498
19	497
20	501
10	261
20	500
12	311
20	501
20	501
29	736
28	711
20	500
20	501
20	502
29	735
4	108
35	884
6	160
20	501
36	907
33	835
13	336
19	496
20	500
20	502
20	503
23	585
20	500
19	496
13	335
20	501
20	501
19	497
19	486
11	285
19	498
33	835
24	611
20	500
21	535
19	498
28	708
17	434
21	535
20	502
26	662
9	236
30	760
19	498
19	496
20	500
19	498
19	497
28	711
19	484
20	510
31	785
20	500
20	502
33	836
12	312
19	498
19	496
19	497
20	511
19	498
14	360
20	500
20	501
30	758
22	560
20	500
18	461
19	497
19	498
19	498
25	635
4	113
19	497
9	235
19	496
19	498
16	411
10	260
20	501
19	498
34	859
14	363
20	503
27	685
13	335
19	496
19	498
32	809
19	494
19	496
36	910
13	335
31	787
20	501
36	910
28	710
19	498
28	711
14	359
19	498
19	495
34	859
20	500
33	835
6	161
30	760
19	485
25	636
20	502
20	501
14	361
20	501
19	496
20	502
33	836
22	559
5	135
20	500
23	584
19	498
28	710
19	497
19	485
19	498
20	501
18	459
20	500
29	735
28	710
21	534
19	495
18	462
6	162
20	500
12	310
29	734
10	261
8	208
19	497
28	710
20	501
32	811
20	500
20	501
27	685
26	662
20	510
20	500
27	686
24	612
20	500
26	660
20	502
12	310
26	658
10	261
20	500
19	496
19	497
36	910
14	361
19	485
20	510
20	500
19	498
31	785
20	502
27	686
11	285
20	510
5	137
20	501
20	500
19	496
15	382
19	497
19	498
18	460
19	496
20	500
30	760
18	460
20	501
20	500
19	498
31	786
20	500
20	510
20	501
20	500
36	910
22	560
19	498
26	660
12	309
20	501
19	486
10	260
19	498
19	498
8	211
20	500
20	500
34	859
18	461
20	501
22	563
9	235
20	501
32	808
14	364
23	585
20	500
28	711
14	360
19	496
19	496
19	497
21	535
20	500
20	501
19	487
19	498
20	501
19	484
19	486
12	308
19	498
19	496
13	333
19	498
20	500
25	633
34	862
16	412
22	562
15	385
20	500
29	734
34	859
22	560
20	500
32	810
9	236
20	500
20	501
35	886
12	308
17	437
30	758
20	500
20	503
23	585
17	435
20	501
18	460
20	501
20	500
9	235
20	500
20	500
20	501
20	502
32	809
14	361
12	311
20	500
19	497
20	500
15	384
36	911
4	110
19	498
30	759
21	536
20	500
34	860
18	462
4	110
19	497
20	501
28	710
20	501
24	610
6	160
19	498
26	660
13	337
20	500
19	498
19	498
19	498
36	912
25	635
4	109
31	784
10	261
19	498
29	735
10	261
19	497
25	634
15	385
19	497
20	500
20	500
19	498
10	260
19	498
16	410
20	500
17	435
20	500
26	659
7	184
20	500
9	235
19	496
20	500
19	498
11	287
19	497
19	497
20	501
21	535
9	234
20	500
26	661
9	237
19	498
20	501
19	498
25	633
13	337
20	500
19	497
20	500
36	909
15	386
19	497
15	385
19	498
20	500
20	500
20	500
20	500
12	308
20	500
29	735
20	500
25	633
8	210
26	660
13	335
20	500
36	910
18	461
20	500
30	759
14	359
20	500
20	500
33	834
11	287
19	494
19	496
12	310
19	496
19	496
31	786
10	260
19	497
20	500
20	500
20	510
6	160
20	500
19	498
19	485
20	501
22	560
20	500
20	500
21	537
19	496
26	658
23	585
34	860
20	509
20	501
19	496
29	735
10	259
19	498
35	884
15	385
26	660
11	285
20	500
20	502
31	785
12	310
6	160
19	496
19	498
35	885
17	435
20	502
11	285
19	498
20	500
33	836
17	435
19	496
20	503
16	412
20	502
19	498
26	662
9	234
24	610
20	500
20	500
14	360
20	500
19	498
12	309
20	500
19	498
22	559
20	500
20	501
22	559
15	385
20	500
19	498
24	610
20	500
19	498
25	637
10	259
20	500
9	238
32	810
20	500
19	497
20	500
27	687
20	511
19	497
19	498
20	501
19	498
34	859
20	500
20	500
32	810
18	460
19	496
31	787
11	286
20	502
19	499
20	501
20	501
15	385
28	709
13	335
25	634
11	286
19	498
19	498
26	659
20	500
28	710
22	562
19	498
16	409
19	495
19	498
20	502
12	310
19	496
35	885
21	535
34	862
9	235
32	807
23	584
20	500
19	497
33	834
20	500
19	497
33	835
9	233
30	759
21	533
20	500
29	737
20	500
12	310
20	500
20	501
31	786
8	211
36	909
15	385
20	500
34	862
14	358
19	496
25	634
20	500
20	501
20	501
19	485
12	308
19	497
19	499
18	461
20	501
33	835
11	286
9	234
22	559
20	502
23	584
19	498
20	500
23	586
11	285
19	495
20	510
20	500
19	497
21	534
31	784
12	311
20	500
19	498
32	809
12	310
20	500
19	496
19	497
19	497
16	412
20	502
20	503
20	510
13	337
20	501
24	610
4	109
19	495
19	498
30	760
13	335
20	500
20	500
25	635
20	500
28	711
11	284
20	500
19	497
35	885
8	210
19	496
9	235
20	500
20	500
26	660
19	485
20	502
35	887
19	498
31	785
13	335
33	837
17	435
20	500
20	501
25	635
19	498
19	496
19	498
25	635
11	285
20	500
19	498
20	501
18	460
32	810
5	136
20	500
20	500
34	861
20	500
14	360
34	858
21	532
19	498
25	636
5	135
20	500
20	501
20	501
19	498
19	498
19	498
20	500
5	134
20	500
20	501
30	760
9	235
20	501
7	185
19	498
20	500
18	462
19	498
28	710
17	435
20	500
30	761
8	210
19	498
20	501
31	785
15	385
16	410
20	502
19	498
35	886
7	185
20	500
20	501
20	501
14	362
4	110
19	498
19	498
20	500
31	785
4	110
19	498
31	785
4	110
19	498
14	360
33	835
10	260
20	500
19	498
35	883
16	411
20	502
35	885
17	435
20	501
20	500
23	584
19	496
19	496
19	497
33	835
25	634
8	210
19	497
20	501
34	860
31	786
20	501
20	500
20	500
19	496
31	786
19	497
27	686
15	384
20	503
20	502
21	535
14	359
19	497
24	611
23	584
19	498
19	497
34	859
28	710
20	501
19	495
19	496
29	733
11	285
19	496
31	784
14	360
20	500
20	501
19	485
22	560
20	500
20	502
20	501
35	885
16	408
4	110
19	498
28	710
34	859
23	584
19	496
19	497
27	685
26	659
20	500
19	498
18	460
27	684
20	500
21	536
34	860
23	587
20	500
19	497
19	498
9	235
35	886
16	410
20	501
20	500
30	761
6	160
19	498
20	510
19	499
19	496
18	460
6	161
20	500
19	496
8	210
18	460
20	501
20	501
13	334
19	494
19	497
18	461
4	110
19	498
20	501
36	910
6	160
20	500
19	497
20	501
20	501
34	859
29	735
6	162
28	711
12	310
20	502
26	660
15	385
20	501
20	501
28	711
20	500
34	860
27	686
13	335
19	498
31	782
16	412
19	498
34	861
6	160
20	500
23	586
20	500
14	360
19	495
29	737
15	386
19	498
35	886
17	436
19	496
31	784
20	500
19	498
27	685
23	585
19	498
20	500
14	360
26	659
20	501
19	498
11	287
19	498
20	501
20	500
8	209
6	161
20	500
18	458
4	111
19	498
19	498
21	534
19	497
19	497
19	497
34	862
23	585
19	498
20	500
20	502
19	496
20	510
18	460
19	498
32	809
19	486
19	496
19	497
18	461
5	134
19	496
19	497
19	498
20	501
35	887
7	187
31	786
21	536
19	498
19	498
19	498
24	610
19	496
20	500
33	835
27	685
19	498
20	511
4	110
12	310
19	495
20	501
22	559
6	159
19	498
20	503
19	496
29	737
19	498
20	502
20	500
31	785
18	460
19	497
20	503
19	488
36	909
7	185
20	511
34	860
19	495
20	500
36	909
18	460
31	785
12	311
20	500
26	658
19	498
35	886
13	335
19	497
19	498
5	137
19	497
20	500
31	784
17	435
20	500
22	562
11	285
19	498
29	735
19	498
19	498
21	535
9	234
19	498
33	835
10	263
20	500
19	494
20	500
23	586
20	500
20	501
19	498
25	636
31	785
15	385
20	505
36	910
21	534
19	498
34	860
20	502
19	498
23	587
35	884
23	587
7	185
19	497
20	500
20	501
25	633
20	510
19	494
31	785
12	309
20	500
20	500
25	635
21	534
20	500
23	584
5	136
20	502
10	260
20	500
19	496
19	498
35	886
17	434
19	497
19	497
21	535
20	500
20	500
24	610
14	360
19	498
11	285
9	236
19	489
19	498
20	510
20	500
20	500
31	785
19	496
20	500
19	496
16	412
35	885
19	485
9	235
19	498
24	610
28	710
16	410
19	497
19	485
20	499
20	499
19	498
19	498
19	498
19	498
19	498
9	235
20	502
20	500
20	500
19	498
19	498
19	499
20	500
19	498
20	501
31	785
11	286
19	499
19	498
20	503
19	497
32	809
11	285
19	498
28	711
20	511
19	496
14	361
19	498
19	498
20	500
23	585
19	498
19	485
19	498
31	785
20	500
32	808
25	635
20	500
19	498
33	836
23	585
20	503
23	584
20	511
20	503
19	496
33	833
11	283
20	501
6	160
5	137
20	500
20	500
19	497
12	310
19	497
25	634
6	160
19	496
19	498
30	759
5	134
19	496
20	500
10	260
20	500
20	500
20	500
22	561
8	209
20	501
20	501
20	501
14	361
15	386
11	286
19	498
20	501
28	711
14	360
36	908
18	458
18	460
20	503
20	500
17	435
20	501
19	495
27	686
8	210
18	459
31	785
17	435
20	502
20	502
27	685
20	501
20	500
20	500
20	510
20	504
20	504
28	711
18	460
28	710
6	161
19	497
35	885
26	660
26	660
13	334
32	808
11	286
20	500
19	498
32	810
7	183
19	498
18	460
19	498
25	636
19	496
20	502
26	659
5	135
19	497
28	709
15	385
19	498
19	496
19	484
20	501
31	786
22	559
20	501
23	585
4	110
20	501
11	287
4	110
36	907
16	411
24	610
19	498
13	334
19	498
19	495
19	498
26	660
11	285
20	503
20	503
36	911
10	260
20	500
20	500
19	496
19	497
30	760
19	487
20	500
19	498
26	660
20	500
11	285
29	735
7	186
20	501
20	500
20	500
20	500
35	888
15	385
20	500
20	500
19	487
20	501
20	500
32	810
5	137
20	500
20	501
20	501
19	498
32	810
13	335
19	498
33	835
19	498
19	498
21	536
19	497
6	161
20	502
20	500
32	809
17	436
20	500
36	912
27	684
20	500
20	500
20	511
20	500
20	500
19	498
29	736
20	501
34	861
10	260
20	500
20	501
20	500
24	610
20	501
20	500
24	610
20	509
20	500
19	498
19	497
29	735
20	500
13	336
8	209
10	260
5	135
20	500
27	685
23	586
19	498
19	485
20	500
36	910
15	387
19	498
34	860
20	501
24	611
19	498
19	498
28	711
20	500
36	909
21	535
19	496
20	501
20	500
30	759
10	260
19	498
19	496
29	736
19	495
19	497
26	661
11	284
29	737
14	358
19	497
21	535
7	186
19	496
19	498
23	585
6	161
19	497
25	635
10	262
20	504
35	885
20	500
19	498
21	533
20	500
19	496
20	501
20	501
36	910
20	511
5	135
20	502
17	435
19	498
25	633
20	500
20	501
20	499
19	498
26	659
15	385
20	500
20	501
26	660
8	210
9	235
20	500
33	834
20	510
19	498
19	495
17	436
20	500
19	498
19	496
15	384
10	260
19	496
20	500
21	536
9	236
19	497
29	736
20	500
19	498
6	160
20	500
20	503
23	585
17	435
20	502
20	503
4	110
19	497
19	496
34	862
19	498
32	810
13	337
20	502
20	500
10	259
20	501
20	501
20	508
6	160
19	494
20	500
28	710
4	109
19	497
19	498
19	496
14	360
36	909
21	535
28	710
11	286
20	500
19	498
19	498
24	611
20	500
20	500
19	496
36	910
19	497
19	496
21	535
19	498
33	836
19	497
23	587
4	111
20	500
19	498
20	500
36	910
7	186
19	498
32	811
10	261
19	498
14	361
20	500
20	500
20	500
19	497
19	496
20	500
19	497
13	336
15	385
19	497
27	687
15	387
19	498
19	495
24	609
16	410
14	361
10	259
20	501
19	496
18	461
20	500
34	862
24	610
12	309
19	498
32	810
19	496
19	498
28	710
5	135
19	496
7	185
21	532
20	501
20	503
22	560
6	160
19	497
20	500
27	685
20	500
15	385
9	235
19	497
20	500
35	885
5	134
20	500
28	709
13	335
20	501
33	836
12	310
20	501
19	497
31	785
5	135
19	497
26	660
14	360
19	485
20	500
20	500
34	860
22	561
20	501
35	886
23	585
19	496
19	497
36	910
8	209
27	687
9	233
16	411
19	497
20	500
19	498
30	761
19	497
19	498
19	496
36	909
28	710
4	111
20	501
22	558
5	133
20	500
19	497
20	501
20	500
20	500
19	496
30	760
8	212
20	500
20	500
31	785
19	497
19	495
34	860
20	500
15	385
19	496
20	501
15	385
5	136
20	510
11	286
19	495
19	496
11	286
6	161
19	498
19	483
16	410
20	502
21	534
20	500
20	500
19	497
19	497
24	610
18	460
20	502
20	501
35	885
21	533
9	236
19	496
19	497
30	761
20	501
19	496
19	496
30	760
19	497
29	735
13	335
19	498
20	500
20	500
36	912
29	735
20	500
19	498
14	361
20	507
19	497
19	496
33	836
20	500
32	811
18	460
20	502
17	435
20	502
19	497
19	498
21	535
7	187
19	498
19	498
25	635
15	382
20	500
19	496
19	495
36	910
13	336
19	497
20	501
19	498
32	811
13	335
35	886
8	209
19	498
19	498
36	910
12	310
20	500
27	684
4	110
20	501
24	609
19	497
35	884
12	311
20	500
28	710
9	236
19	498
19	497
17	433
19	498
24	611
20	500
31	786
10	262
20	500
33	834
15	385
20	500
15	382
20	500
20	503
35	883
9	233
20	500
24	610
11	284
20	500
33	835
23	584
19	498
20	501
20	500
21	536
20	500
35	886
7	186
20	500
34	862
12	310
19	497
14	360
19	497
8	208
20	502
20	502
20	502
22	561
15	388
19	493
14	361
10	260
20	500
6	158
6	159
19	497
20	504
20	500
24	612
21	537
17	435
19	496
20	500
20	502
36	912
20	510
19	498
8	210
19	496
20	502
36	909
25	635
20	501
20	500
35	885
18	460
26	660
23	585
19	497
20	500
17	433
19	498
32	809
20	511
19	496
19	496
32	810
19	496
25	635
19	497
19	497
19	498
29	739
20	502
19	494
33	835
23	585
19	498
19	498
36	909
14	360
19	486
20	500
20	501
20	501
33	835
20	508
20	500
19	498
23	585
20	502
28	710
11	285
19	496
20	500
19	498
20	502
23	585
7	184
20	502
19	498
9	237
19	498
11	285
9	235
9	234
19	498
12	310
30	762
8	212
19	498
26	660
12	311
31	787
20	500
21	535
8	208
20	500
20	500
19	498
29	735
4	111
19	498
19	497
20	503
20	500
34	861
14	360
19	497
19	486
20	499
19	497
20	500
12	310
22	561
6	160
16	410
7	183
20	498
27	682
10	260
19	498
20	501
20	504
11	285
6	161
19	498
19	498
19	498
21	534
8	210
20	500
12	309
19	498
19	498
20	500
33	836
10	260
20	501
30	761
20	500
19	498
29	736
13	334
24	610
9	235
28	709
20	501
20	508
20	500
28	709
26	660
19	497
25	635
20	501
19	497
35	885
22	560
19	498
20	500
36	913
10	260
7	185
19	498
19	498
19	496
10	261
19	497
19	497
19	495
15	385
19	496
19	497
20	502
22	560
19	497
19	498
11	285
19	497
19	496
19	485
8	210
19	497
19	498
8	211
20	511
9	234
19	497
21	535
13	335
20	501
28	710
20	500
19	496
5	137
14	359
20	501
25	635
28	711
8	209
36	910
13	335
19	498
12	310
19	498
22	562
20	502
31	784
15	385
14	360
20	500
21	535
19	497
18	460
20	499
19	498
19	498
23	585
20	500
19	498
22	560
19	486
22	561
13	336
19	496
21	536
20	500
20	500
19	498
35	884
15	386
19	496
28	710
19	485
20	500
20	500
19	484
20	502
33	836
13	334
19	496
19	498
18	460
13	335
20	500
20	500
31	785
25	635
19	495
17	436
20	501
21	536
20	500
19	497
17	436
4	110
20	499
19	497
19	498
28	711
15	384
19	497
22	562
5	134
24	608
20	500
20	500
19	498
21	536
11	284
20	500
20	501
20	500
20	500
20	500
16	410
33	835
20	510
20	500
20	501
34	858
29	737
9	235
20	501
19	498
19	498
19	498
20	502
26	660
20	502
20	501
32	810
9	235
20	503
20	501
20	500
32	807
21	534
19	496
20	501
20	500
17	434
8	209
20	500
34	858
12	311
33	834
19	497
12	310
20	500
19	497
19	496
13	335
31	785
19	485
20	500
20	503
25	633
20	500
36	908
19	498
20	500
25	635
4	110
19	498
19	497
20	501
9	234
19	498
8	208
20	501
19	495
11	285
19	498
13	336
23	587
20	500
19	498
30	760
15	385
20	500
20	500
19	497
18	458
33	835
30	759
7	185
20	500
20	500
19	497
31	785
20	500
19	498
19	498
19	498
24	610
19	496
21	535
12	310
19	497
20	500
19	498
20	510
17	435
20	500
19	497
32	810
4	111
19	498
19	498
20	501
9	236
20	501
22	558
8	208
19	497
21	535
4	110
20	500
20	502
20	502
20	501
36	909
16	412
22	560
6	158
19	498
32	808
35	884
13	336
19	496
19	498
23	584
6	160
19	497
19	495
34	860
22	560
26	659
6	160
26	660
20	500
32	810
20	503
20	500
32	811
20	503
20	502
33	834
4	110
20	501
19	498
34	859
16	412
7	186
25	635
14	359
22	561
5	135
19	498
20	500
20	500
14	359
19	497
20	501
18	460
20	502
20	500
14	360
19	498
20	501
19	497
19	498
11	286
19	495
26	660
14	359
4	109
19	497
23	587
6	160
7	184
20	500
19	498
23	584
8	210
20	500
29	735
20	501
23	585
19	498
7	184
27	685
24	610
12	312
20	500
20	500
8	210
19	496
20	500
4	111
24	611
11	284
20	501
19	496
30	761
13	335
19	498
16	411
4	112
19	498
9	235
5	135
10	260
20	501
32	810
13	334
19	498
9	237
19	496
19	496
22	560
9	235
19	497
19	498
19	496
15	385
19	498
15	386
5	135
20	500
19	484
18	460
20	500
32	811
6	160
20	500
20	501
18	459
33	833
10	259
19	497
9	235
19	498
19	498
28	710
21	536
20	500
19	497
19	497
35	885
14	360
20	501
19	498
20	501
22	560
12	309
19	498
20	501
19	496
19	498
23	585
19	496
19	495
31	785
25	636
31	785
4	109
20	501
19	498
8	211
25	635
10	261
20	503
20	501
20	501
20	500
20	501
12	310
6	160
19	496
19	497
19	498
19	498
7	183
20	500
30	761
9	235
19	498
19	498
27	685
9	235
4	109
19	496
20	500
20	500
18	460
20	500
31	784
5	134
20	500
32	809
17	434
9	236
20	501
15	385
19	496
20	502
19	497
36	908
29	733
20	500
17	435
19	498
20	501
27	685
19	498
20	500
20	510
20	500
20	500
20	502
19	498
26	660
19	497
19	498
7	185
20	502
20	502
18	460
15	385
20	501
20	502
20	501
13	335
7	187
20	500
9	237
20	500
6	160
26	661
19	497
19	482
6	158
20	500
19	498
20	500
19	498
18	461
20	500
24	611
19	485
20	500
19	496
28	710
19	496
29	735
5	136
19	495
18	460
5	136
27	685
20	509
20	500
20	500
20	502
20	500
31	785
23	584
9	234
19	498
20	500
20	500
27	684
19	496
28	709
19	496
6	159
24	611
20	500
20	502
29	734
5	135
20	501
19	498
25	635
12	311
20	505
14	360
20	503
28	711
11	287
29	735
13	334
19	496
19	497
19	485
20	500
20	500
20	500
20	500
26	660
9	235
23	586
19	498
19	498
19	485
20	500
19	498
20	500
19	497
35	887
12	310
19	497
19	497
21	535
19	497
19	496
19	498
30	760
19	498
26	660
20	501
20	501
24	611
7	185
20	502
19	498
19	497
13	335
19	498
20	501
34	860
22	560
20	500
19	498
20	500
30	760
7	185
14	361
8	207
19	497
32	810
18	462
19	497
19	498
19	498
5	135
19	496
19	498
19	496
22	558
4	110
20	501
19	498
29	735
14	360
19	498
19	486
8	210
20	500
20	501
15	383
20	500
27	685
12	310
29	735
19	498
20	500
20	510
19	496
20	500
25	635
36	909
26	660
4	111
20	501
8	210
11	284
20	500
31	785
16	411
4	110
18	460
31	785
7	184
19	497
16	412
12	311
19	497
19	486
13	335
19	498
15	387
20	500
20	500
19	496
19	498
15	387
19	495
23	583
20	500
20	502
20	501
32	808
20	500
8	210
20	500
29	736
5	134
25	637
18	462
32	810
5	136
20	500
14	360
36	909
18	459
4	110
19	496
19	498
15	385
7	184
20	501
19	496
10	260
5	134
16	407
12	310
20	504
20	501
24	607
25	636
6	160
20	500
19	496
26	660
17	435
19	497
28	710
6	158
19	498
19	496
19	498
32	810
19	485
33	838
17	435
23	585
19	496
25	635
12	311
7	184
30	759
10	260
20	501
15	386
36	911
4	111
34	863
9	235
19	497
16	412
19	497
19	498
35	887
13	336
20	500
19	496
23	585
19	498
20	510
19	497
30	760
7	186
19	497
20	501
28	709
17	436
29	733
20	501
21	536
20	507
19	496
19	498
34	860
4	111
16	410
9	236
