

----------------------------------------
tp_matched_index [2, -99, -99, 5, 5, -99, 3, -99, ]
----------------------------------------
tp_matched_DeltaR [0.0544231, -99, -99, 0.153958, 0.0558104, -99, 0.0496874, -99, ]
----------------------------------------
tp_matched_pTdiff [0.123707, -99, -99, 0.175708, 0.446365, -99, 0.0018959, -99, ]



----------------------------------------
tp_matched_index [2, -99, -99, -99, 5, -99, 3, -99, ]
----------------------------------------
tp_matched_DeltaR [0.0544231, -99, -99, -99, 0.0558104, -99, 0.0496874, -99, ]
----------------------------------------
tp_matched_pTdiff [0.123707, -99, -99, -99, 0.446365, -99, 0.0018959, -99, ]
